depth/0.png rgb/0.png 0 0 -2.25 0 0 0 1
depth/1.png rgb/1.png -0.00473952 -0.00107861 -2.25009 0.000447757 -4.2262e-05 0.000114325 1
depth/2.png rgb/2.png -0.00292253 -0.000298738 -2.25128 0.00108385 -0.00139558 -5.38901e-05 0.999998
depth/3.png rgb/3.png -0.00598407 -0.00110865 -2.24973 0.00100478 -0.00109571 -0.000226279 0.999999
depth/4.png rgb/4.png -0.0050931 -0.000548601 -2.25064 0.00133164 -0.00145372 -0.000306352 0.999998
depth/5.png rgb/5.png -0.00521588 -0.000398636 -2.25032 0.00111849 -0.00155367 -0.000204042 0.999998
depth/6.png rgb/6.png -0.00665593 -0.000558138 -2.25049 0.00112798 -0.00147935 -0.000137255 0.999998
depth/7.png rgb/7.png -0.0086422 5.22137e-05 -2.25044 0.0010548 -0.00132719 -0.000416294 0.999998
depth/8.png rgb/8.png -0.0087378 -0.00109792 -2.24988 0.000766116 -0.00146846 -0.000726538 0.999998
depth/9.png rgb/9.png -0.00974321 -0.000217915 -2.24918 0.000944904 -0.00153397 -0.00122207 0.999998
depth/10.png rgb/10.png -0.00975752 1.23978e-05 -2.25 0.000593068 -0.00150252 -0.00189397 0.999997
depth/11.png rgb/11.png -0.0122159 0.000192881 -2.24941 0.000257625 -0.000631541 -0.00247376 0.999997
depth/12.png rgb/12.png -0.0121632 -0.000886917 -2.25004 -0.000358316 -0.000687769 -0.00271856 0.999996
depth/13.png rgb/13.png -0.0152569 -0.00200653 -2.24926 -0.000188121 1.52826e-05 -0.00283829 0.999996
depth/14.png rgb/14.png -0.0144269 -0.000196218 -2.25035 0.000436743 -0.000144857 -0.00306676 0.999995
depth/15.png rgb/15.png -0.0165126 0.00113487 -2.25179 -0.000113177 0.000779028 -0.00333702 0.999994
depth/16.png rgb/16.png -0.0180514 0.000994921 -2.25079 -0.00115821 0.00125239 -0.0033832 0.999993
depth/17.png rgb/17.png -0.0195429 0.000725508 -2.25122 -0.00173782 0.00175117 -0.00373797 0.99999
depth/18.png rgb/18.png -0.022599 0.00197625 -2.25157 -0.00210005 0.00279713 -0.0042914 0.999985
depth/19.png rgb/19.png -0.0255537 0.00106692 -2.25123 -0.00299043 0.00391268 -0.00447637 0.999978
depth/20.png rgb/20.png -0.0312424 0.00188851 -2.25169 -0.00306937 0.00546802 -0.00431842 0.999971
depth/21.png rgb/21.png -0.0306437 0.00277901 -2.25337 -0.00371043 0.00599566 -0.00431795 0.999966
depth/22.png rgb/22.png -0.0390253 0.00130105 -2.25398 -0.00476603 0.00836478 -0.00428862 0.999944
depth/23.png rgb/23.png -0.0401657 7.15256e-05 -2.25477 -0.00466323 0.0093424 -0.00459621 0.999935
depth/24.png rgb/24.png -0.0464387 0.00161266 -2.25389 -0.00378643 0.0117379 -0.00451302 0.999914
depth/25.png rgb/25.png -0.0520899 0.00232482 -2.25608 -0.00429878 0.0140241 -0.00396166 0.999885
depth/26.png rgb/26.png -0.0569046 0.000545979 -2.25637 -0.00501159 0.0157297 -0.00328201 0.999858
depth/27.png rgb/27.png -0.0629687 0.000338316 -2.25913 -0.00459486 0.0178869 -0.00255458 0.999826
depth/28.png rgb/28.png -0.0725701 0.00112987 -2.25714 -0.00435263 0.0206131 -0.00211047 0.999776
depth/29.png rgb/29.png -0.0790164 0.00039196 -2.25897 -0.00493516 0.0224518 -0.00177844 0.999734
depth/30.png rgb/30.png -0.0858111 3.43323e-05 -2.26125 -0.00481533 0.0247322 -0.00133452 0.999682
depth/31.png rgb/31.png -0.0913448 0.000415802 -2.26152 -0.00454343 0.0263603 -0.000697749 0.999642
depth/32.png rgb/32.png -0.119627 0.00107265 -2.26185 -0.00451664 0.0308484 -0.000936441 0.999513
depth/33.png rgb/33.png -0.12306 0.000324488 -2.26452 -0.00491605 0.0317206 0.000294384 0.999485
depth/34.png rgb/34.png -0.128764 -0.000533581 -2.2663 -0.0045486 0.0326 0.00209441 0.999456
depth/35.png rgb/35.png -0.139614 0.00151849 -2.26504 -0.0038445 0.0344391 0.00286552 0.999395
depth/36.png rgb/36.png -0.151448 0.00206089 -2.26431 -0.00452721 0.0371087 0.0030742 0.999296
depth/37.png rgb/37.png -0.154633 0.00271273 -2.26768 -0.00509631 0.038383 0.00288235 0.999246
depth/38.png rgb/38.png -0.164587 0.00436473 -2.26697 -0.00578536 0.0412027 0.00242302 0.999131
depth/39.png rgb/39.png -0.174984 0.00548649 -2.26525 -0.00719336 0.0441477 0.00175036 0.998998
depth/40.png rgb/40.png -0.18833 0.00401878 -2.26303 -0.00900131 0.0470439 0.00156396 0.998851
depth/41.png rgb/41.png -0.195125 0.00355935 -2.25968 -0.0095392 0.0478144 0.00117101 0.99881
depth/42.png rgb/42.png -0.201401 0.00427151 -2.26178 -0.0098612 0.0490294 0.000447332 0.998749
depth/43.png rgb/43.png -0.209839 0.00222206 -2.25808 -0.0105742 0.0500173 -0.000229555 0.998692
depth/44.png rgb/44.png -0.215813 0.00169349 -2.25798 -0.00997789 0.0506232 -0.000810268 0.998668
depth/45.png rgb/45.png -0.218796 0.00355411 -2.2583 -0.00908006 0.0508206 -0.00187047 0.998665
depth/46.png rgb/46.png -0.22331 0.0038147 -2.2572 -0.0094273 0.0514713 -0.0026888 0.998626
depth/47.png rgb/47.png -0.230597 0.00272632 -2.2564 -0.00957568 0.0528288 -0.00269744 0.998554
depth/48.png rgb/48.png -0.244921 0.00302792 -2.25148 -0.00873555 0.0552828 -0.00223582 0.99843
depth/49.png rgb/49.png -0.243239 0.00318861 -2.25449 -0.00825417 0.0546381 -0.00191943 0.99847
depth/50.png rgb/50.png -0.247216 0.00280976 -2.2552 -0.00734683 0.0553028 -0.00194763 0.998441
depth/51.png rgb/51.png -0.24917 0.00518131 -2.25842 -0.00590667 0.0556472 -0.00274582 0.998429
depth/52.png rgb/52.png -0.26226 0.00675249 -2.25265 -0.00588491 0.0573672 -0.00374298 0.998329
depth/53.png rgb/53.png -0.264524 0.00600314 -2.25295 -0.00658923 0.0572276 -0.00484781 0.998328
depth/54.png rgb/54.png -0.284506 0.0055747 -2.24379 -0.0062766 0.0610815 -0.00548578 0.998098
depth/55.png rgb/55.png -0.289388 0.00826573 -2.2432 -0.00549109 0.0616667 -0.00583713 0.998065
depth/56.png rgb/56.png -0.298727 0.00891685 -2.24042 -0.00650858 0.0632477 -0.00519941 0.997963
depth/57.png rgb/57.png -0.312896 0.00658846 -2.23472 -0.00727069 0.0661223 -0.00388369 0.997778
depth/58.png rgb/58.png -0.316017 0.00829959 -2.23666 -0.00643242 0.0665462 -0.00261108 0.997759
depth/59.png rgb/59.png -0.322794 0.00978136 -2.23688 -0.00698127 0.0680549 -0.0013166 0.997656
depth/60.png rgb/60.png -0.346589 0.00918341 -2.22656 -0.00798426 0.0739985 0.000184654 0.997226
depth/61.png rgb/61.png -0.355235 0.0103252 -2.2254 -0.00874767 0.0772831 0.00165943 0.996969
depth/62.png rgb/62.png -0.367811 0.00912666 -2.22084 -0.0101236 0.0811774 0.00390597 0.996641
depth/63.png rgb/63.png -0.38162 0.00928855 -2.2171 -0.0109116 0.0851233 0.00610104 0.996292
depth/64.png rgb/64.png -0.392313 0.00799036 -2.21515 -0.0123005 0.088619 0.00744141 0.995962
depth/65.png rgb/65.png -0.402592 0.00550199 -2.21287 -0.0131542 0.0921674 0.00859787 0.99562
depth/66.png rgb/66.png -0.41374 0.00571489 -2.21357 -0.012985 0.0953576 0.00915282 0.995316
depth/67.png rgb/67.png -0.423303 0.00544572 -2.20908 -0.0137118 0.0980585 0.0089674 0.995046
depth/68.png rgb/68.png -0.432248 0.00365806 -2.20944 -0.0149759 0.100659 0.00854598 0.994772
depth/69.png rgb/69.png -0.439427 0.00307059 -2.21252 -0.0156728 0.102077 0.00736284 0.994626
depth/70.png rgb/70.png -0.455541 -0.00208664 -2.20959 -0.0171344 0.107014 0.00380252 0.994103
depth/71.png rgb/71.png -0.465528 -0.00346494 -2.20792 -0.0167484 0.10994 0.00235779 0.993794
depth/72.png rgb/72.png -0.467665 -0.00513339 -2.21107 -0.0165555 0.111099 0.000771116 0.993671
depth/73.png rgb/73.png -0.469059 -0.00880194 -2.21386 -0.0165426 0.111811 -0.000614668 0.993592
depth/74.png rgb/74.png -0.467104 -0.0119398 -2.22197 -0.0150734 0.112808 -0.00181371 0.993501
depth/75.png rgb/75.png -0.467565 -0.0122473 -2.22877 -0.0127315 0.114534 -0.00286665 0.993334
depth/76.png rgb/76.png -0.465848 -0.0135155 -2.23596 -0.0114789 0.116147 -0.00321489 0.993161
depth/77.png rgb/77.png -0.472746 -0.0165832 -2.23811 -0.010687 0.11961 -0.0030033 0.992759
depth/78.png rgb/78.png -0.476202 -0.0194311 -2.24182 -0.0090132 0.122384 -0.00265747 0.992438
depth/79.png rgb/79.png -0.488145 -0.0184693 -2.23882 -0.00683599 0.126821 -0.00216366 0.9919
depth/80.png rgb/80.png -0.496597 -0.0185471 -2.23929 -0.00682593 0.131189 -0.00119342 0.991333
depth/81.png rgb/81.png -0.504365 -0.0206144 -2.24241 -0.00724227 0.135284 0.00010904 0.99078
depth/82.png rgb/82.png -0.516893 -0.0194817 -2.24216 -0.00699952 0.14014 0.000934932 0.990107
depth/83.png rgb/83.png -0.530484 -0.0204484 -2.24177 -0.00807599 0.14593 0.00165065 0.989261
depth/84.png rgb/84.png -0.54528 -0.0211663 -2.23772 -0.00834618 0.152424 0.00297925 0.988275
depth/85.png rgb/85.png -0.555016 -0.0200438 -2.23803 -0.00861104 0.156081 0.00495138 0.987694
depth/86.png rgb/86.png -0.568035 -0.0203907 -2.2377 -0.00942887 0.159846 0.00709744 0.987071
depth/87.png rgb/87.png -0.57736 -0.0205986 -2.23755 -0.00973173 0.163058 0.00917915 0.986526
depth/88.png rgb/88.png -0.584866 -0.0187964 -2.23879 -0.00959459 0.165614 0.0110262 0.986082
depth/89.png rgb/89.png -0.599371 -0.017544 -2.23576 -0.010614 0.16965 0.0124464 0.985369
depth/90.png rgb/90.png -0.61456 -0.0196722 -2.23057 -0.0121456 0.174217 0.0135263 0.984539
depth/91.png rgb/91.png -0.619332 -0.0187399 -2.23397 -0.0118838 0.175919 0.0141856 0.984231
depth/92.png rgb/92.png -0.626564 -0.0163682 -2.2344 -0.012059 0.178374 0.0146234 0.98378
depth/93.png rgb/93.png -0.639611 -0.0176973 -2.22785 -0.013195 0.181816 0.0153199 0.983125
depth/94.png rgb/94.png -0.649774 -0.0171447 -2.22828 -0.0130447 0.184908 0.0157396 0.982543
depth/95.png rgb/95.png -0.655324 -0.0144141 -2.22637 -0.0130159 0.186701 0.0158344 0.982203
depth/96.png rgb/96.png -0.66989 -0.013792 -2.2223 -0.0143889 0.19069 0.0162711 0.98141
depth/97.png rgb/97.png -0.675425 -0.0152018 -2.21918 -0.0156065 0.192497 0.0166445 0.981032
depth/98.png rgb/98.png -0.683689 -0.0147312 -2.21513 -0.0154683 0.194998 0.0166717 0.98054
depth/99.png rgb/99.png -0.692303 -0.0130312 -2.20911 -0.0152948 0.197886 0.0164254 0.979968
depth/100.png rgb/100.png -0.695897 -0.0115709 -2.20748 -0.0157509 0.199078 0.0158637 0.979729
depth/101.png rgb/101.png -0.706595 -0.0111308 -2.20085 -0.0162558 0.202551 0.0157007 0.979011
depth/102.png rgb/102.png -0.719288 -0.009372 -2.18804 -0.0162553 0.206935 0.0160241 0.978088
depth/103.png rgb/103.png -0.722085 -0.00913191 -2.18626 -0.01714 0.209017 0.0168922 0.977616
depth/104.png rgb/104.png -0.72847 -0.0097723 -2.18121 -0.0170802 0.211844 0.0178748 0.976991
depth/105.png rgb/105.png -0.728804 -0.00648117 -2.18488 -0.01623 0.212688 0.0184712 0.976811
depth/106.png rgb/106.png -0.738458 -0.00549197 -2.17644 -0.0171463 0.215952 0.0183486 0.976081
depth/107.png rgb/107.png -0.740251 -0.00553179 -2.17536 -0.0182752 0.218104 0.0188451 0.975572
depth/108.png rgb/108.png -0.748114 -0.00497293 -2.16697 -0.0188997 0.222335 0.0197812 0.974586
depth/109.png rgb/109.png -0.754461 -0.00365376 -2.16028 -0.0197798 0.225974 0.0206439 0.973714
depth/110.png rgb/110.png -0.762334 -0.00421453 -2.15242 -0.0213613 0.230318 0.0215004 0.972643
depth/111.png rgb/111.png -0.766561 -0.00407505 -2.1482 -0.0223682 0.233789 0.0224347 0.971771
depth/112.png rgb/112.png -0.777294 -0.00390673 -2.13591 -0.0233351 0.239105 0.0238202 0.970421
depth/113.png rgb/113.png -0.778082 -0.00389719 -2.13406 -0.0248619 0.241582 0.0249844 0.96974
depth/114.png rgb/114.png -0.78841 -0.00646901 -2.12202 -0.0264636 0.246652 0.0263197 0.968385
depth/115.png rgb/115.png -0.796106 -0.00943065 -2.11157 -0.0264785 0.250284 0.0272654 0.967426
depth/116.png rgb/116.png -0.801673 -0.00782061 -2.10738 -0.0252912 0.253781 0.0272931 0.966546
depth/117.png rgb/117.png -0.807998 -0.00739145 -2.10034 -0.0257371 0.257596 0.0268862 0.965536
depth/118.png rgb/118.png -0.814778 -0.00865269 -2.09208 -0.0264675 0.26154 0.026629 0.964462
depth/119.png rgb/119.png -0.824143 -0.00826645 -2.07431 -0.0267909 0.265957 0.0260531 0.96326
depth/120.png rgb/120.png -0.825709 -0.00968647 -2.07353 -0.0283383 0.268077 0.0256842 0.962638
depth/121.png rgb/121.png -0.831352 -0.0138273 -2.06715 -0.0287169 0.27112 0.0259736 0.961766
depth/122.png rgb/122.png -0.84061 -0.0146105 -2.05121 -0.0269872 0.275798 0.0262847 0.960477
depth/123.png rgb/123.png -0.844993 -0.0144212 -2.04619 -0.0259471 0.279326 0.026894 0.959469
depth/124.png rgb/124.png -0.849804 -0.0156126 -2.03885 -0.0255742 0.282689 0.0272725 0.958483
depth/125.png rgb/125.png -0.859293 -0.0165563 -2.0219 -0.0251902 0.287862 0.0271163 0.956957
depth/126.png rgb/126.png -0.864763 -0.0163772 -2.01608 -0.0253549 0.291625 0.0268383 0.95582
depth/127.png rgb/127.png -0.86874 -0.0167484 -2.00938 -0.0257923 0.295034 0.0269635 0.954758
depth/128.png rgb/128.png -0.877442 -0.0166624 -1.99128 -0.0259745 0.300056 0.0276501 0.953167
depth/129.png rgb/129.png -0.881076 -0.0172327 -1.98719 -0.0265026 0.303592 0.0288754 0.951996
depth/130.png rgb/130.png -0.88146 -0.0169117 -1.98947 -0.0265904 0.306657 0.0298986 0.950979
depth/131.png rgb/131.png -0.891712 -0.0171356 -1.97037 -0.0269906 0.312954 0.0306364 0.94889
depth/132.png rgb/132.png -0.9005 -0.0195892 -1.95394 -0.0275294 0.319986 0.0317755 0.946489
depth/133.png rgb/133.png -0.903741 -0.0199697 -1.94999 -0.0268654 0.324802 0.0328557 0.944829
depth/134.png rgb/134.png -0.91069 -0.0200322 -1.93787 -0.0260597 0.330076 0.0341289 0.942977
depth/135.png rgb/135.png -0.91594 -0.0203938 -1.92865 -0.0255983 0.333857 0.0356459 0.941602
depth/136.png rgb/136.png -0.921568 -0.0195642 -1.92391 -0.0248587 0.338302 0.0370304 0.93998
depth/137.png rgb/137.png -0.927596 -0.0175245 -1.91864 -0.0248818 0.343414 0.038416 0.938068
depth/138.png rgb/138.png -0.93689 -0.0182672 -1.90434 -0.0264796 0.349894 0.0400767 0.935557
depth/139.png rgb/139.png -0.942325 -0.0195076 -1.89881 -0.0279378 0.35497 0.0413685 0.933544
depth/140.png rgb/140.png -0.951517 -0.0195506 -1.8841 -0.0286621 0.361234 0.0426286 0.931059
depth/141.png rgb/141.png -0.956793 -0.0218127 -1.87409 -0.0297838 0.365935 0.0444017 0.929103
depth/142.png rgb/142.png -0.963086 -0.023524 -1.86618 -0.0293576 0.370487 0.0458294 0.927242
depth/143.png rgb/143.png -0.968635 -0.022625 -1.85944 -0.0281736 0.374534 0.0466111 0.925612
depth/144.png rgb/144.png -0.974449 -0.0227268 -1.84999 -0.0275694 0.379089 0.047175 0.923745
depth/145.png rgb/145.png -0.984638 -0.0219615 -1.82906 -0.0271995 0.38633 0.0472993 0.920745
depth/146.png rgb/146.png -0.986027 -0.0218122 -1.82569 -0.0278725 0.390097 0.0473902 0.919131
depth/147.png rgb/147.png -0.990384 -0.0225749 -1.81464 -0.0284129 0.394972 0.047643 0.917017
depth/148.png rgb/148.png -0.994004 -0.0223269 -1.80588 -0.0287222 0.398886 0.0478572 0.9153
depth/149.png rgb/149.png -0.997294 -0.0227692 -1.79612 -0.0295808 0.402564 0.0480535 0.913651
depth/150.png rgb/150.png -1.0004 -0.0241222 -1.78533 -0.0301415 0.40669 0.048461 0.911782
depth/151.png rgb/151.png -1.00403 -0.0230744 -1.77679 -0.0300226 0.410695 0.0489571 0.909962
depth/152.png rgb/152.png -1.00851 -0.0224576 -1.76446 -0.0305691 0.414741 0.0500715 0.908047
depth/153.png rgb/153.png -1.01017 -0.0215797 -1.75686 -0.0312969 0.418141 0.0517961 0.906364
depth/154.png rgb/154.png -1.01483 -0.0227337 -1.74198 -0.0322015 0.422762 0.0539509 0.90406
depth/155.png rgb/155.png -1.01706 -0.023387 -1.73116 -0.0324352 0.427321 0.055923 0.901786
depth/156.png rgb/156.png -1.02002 -0.0237517 -1.71477 -0.0322176 0.432238 0.0577449 0.899332
depth/157.png rgb/157.png -1.02055 -0.0231242 -1.70711 -0.0319561 0.436289 0.059061 0.897297
depth/158.png rgb/158.png -1.0217 -0.024579 -1.69168 -0.0321272 0.441356 0.060437 0.894718
depth/159.png rgb/159.png -1.02154 -0.0250728 -1.68104 -0.0315246 0.446101 0.0607156 0.892364
depth/160.png rgb/160.png -1.02165 -0.0232966 -1.6699 -0.030938 0.45119 0.0605304 0.889835
depth/161.png rgb/161.png -1.0226 -0.0246108 -1.65683 -0.0314613 0.456498 0.0605914 0.887101
depth/162.png rgb/162.png -1.02272 -0.0259547 -1.64495 -0.0314193 0.461109 0.0600688 0.88475
depth/163.png rgb/163.png -1.02373 -0.0271804 -1.62699 -0.0310888 0.46609 0.0592183 0.882206
depth/164.png rgb/164.png -1.02293 -0.0278645 -1.61569 -0.0307782 0.469943 0.0577856 0.880266
depth/165.png rgb/165.png -1.02187 -0.029798 -1.60531 -0.0306095 0.472973 0.0565497 0.878727
depth/166.png rgb/166.png -1.02132 -0.0299723 -1.59289 -0.0293065 0.475978 0.0553943 0.877222
depth/167.png rgb/167.png -1.02128 -0.0277872 -1.57845 -0.0289309 0.479096 0.0547209 0.875577
depth/168.png rgb/168.png -1.02326 -0.0298626 -1.56122 -0.0303673 0.483242 0.0553029 0.873211
depth/169.png rgb/169.png -1.0222 -0.032676 -1.55204 -0.0309601 0.486164 0.055984 0.871523
depth/170.png rgb/170.png -1.02167 -0.0339704 -1.53912 -0.0303871 0.488978 0.0561426 0.869957
depth/171.png rgb/171.png -1.02204 -0.0355451 -1.52511 -0.0299061 0.491697 0.0561941 0.868437
depth/172.png rgb/172.png -1.02311 -0.0373192 -1.5125 -0.0292425 0.493853 0.0562291 0.867233
depth/173.png rgb/173.png -1.02261 -0.0382133 -1.5006 -0.028347 0.495258 0.056195 0.866463
depth/174.png rgb/174.png -1.024 -0.0385978 -1.48592 -0.0278008 0.496063 0.0557144 0.866051
depth/175.png rgb/175.png -1.02292 -0.0362105 -1.47893 -0.0279865 0.495993 0.0545237 0.866161
depth/176.png rgb/176.png -1.02165 -0.0357132 -1.47166 -0.0303706 0.496715 0.0540738 0.865695
depth/177.png rgb/177.png -1.02144 -0.0383179 -1.45808 -0.0328067 0.498765 0.054494 0.8644
depth/178.png rgb/178.png -1.02062 -0.0407424 -1.44506 -0.0338267 0.500932 0.054534 0.863104
depth/179.png rgb/179.png -1.01848 -0.0414464 -1.43428 -0.0340497 0.503153 0.0540383 0.861834
depth/180.png rgb/180.png -1.01878 -0.0417113 -1.42035 -0.0342288 0.506331 0.0537024 0.859984
depth/181.png rgb/181.png -1.02051 -0.0422666 -1.40405 -0.0348226 0.509262 0.0532563 0.858256
depth/182.png rgb/182.png -1.01832 -0.0418906 -1.3935 -0.0355257 0.511324 0.0531262 0.857008
depth/183.png rgb/183.png -1.01679 -0.0422561 -1.37814 -0.0365463 0.514665 0.0533064 0.854952
depth/184.png rgb/184.png -1.01695 -0.0419822 -1.35995 -0.0373691 0.518839 0.053636 0.852369
depth/185.png rgb/185.png -1.01382 -0.0420556 -1.35157 -0.0388464 0.522742 0.0542286 0.849877
depth/186.png rgb/186.png -1.01147 -0.0456614 -1.33615 -0.0400465 0.52749 0.0551797 0.846821
depth/187.png rgb/187.png -1.00932 -0.048398 -1.31848 -0.039351 0.532579 0.0551102 0.843667
depth/188.png rgb/188.png -1.00704 -0.0473135 -1.30376 -0.0380526 0.536938 0.0543675 0.841007
depth/189.png rgb/189.png -1.00574 -0.0495994 -1.28743 -0.0383899 0.541697 0.0546744 0.837915
depth/190.png rgb/190.png -1.0021 -0.0557253 -1.27244 -0.0378039 0.546219 0.0551921 0.834967
depth/191.png rgb/191.png -1.00207 -0.0561514 -1.25416 -0.0344102 0.551346 0.0540047 0.831816
depth/192.png rgb/192.png -1.00236 -0.0520968 -1.23795 -0.0326698 0.55627 0.0529833 0.828667
depth/193.png rgb/193.png -1.00116 -0.0518415 -1.22501 -0.0344094 0.560916 0.0538183 0.825405
depth/194.png rgb/194.png -0.999289 -0.0554779 -1.20815 -0.0368449 0.565563 0.0553385 0.822021
depth/195.png rgb/195.png -0.997484 -0.0589924 -1.19622 -0.0378372 0.570008 0.0566651 0.818809
depth/196.png rgb/196.png -0.996347 -0.0627084 -1.17943 -0.0373307 0.575242 0.0578079 0.815084
depth/197.png rgb/197.png -0.994288 -0.063724 -1.16371 -0.0353069 0.579784 0.0583272 0.811913
depth/198.png rgb/198.png -0.994172 -0.0622089 -1.1498 -0.0336601 0.584148 0.0587437 0.808819
depth/199.png rgb/199.png -0.993504 -0.0627055 -1.13108 -0.033647 0.589113 0.059843 0.805129
depth/200.png rgb/200.png -0.990686 -0.0635595 -1.12069 -0.0338021 0.592892 0.0610464 0.802253
depth/201.png rgb/201.png -0.988429 -0.0653961 -1.1034 -0.033678 0.597292 0.0620433 0.798911
depth/202.png rgb/202.png -0.986524 -0.0648706 -1.0909 -0.0327079 0.600895 0.0625663 0.796204
depth/203.png rgb/203.png -0.983631 -0.0638552 -1.07921 -0.0324348 0.603564 0.0631305 0.794149
depth/204.png rgb/204.png -0.980287 -0.0640106 -1.0657 -0.0334969 0.606144 0.0636425 0.792097
depth/205.png rgb/205.png -0.975794 -0.0669761 -1.05211 -0.0348241 0.608575 0.0642439 0.790124
depth/206.png rgb/206.png -0.971573 -0.0691113 -1.03941 -0.0348572 0.610559 0.0637364 0.788632
depth/207.png rgb/207.png -0.967027 -0.0709767 -1.02649 -0.0344257 0.613232 0.0627758 0.786651
depth/208.png rgb/208.png -0.961382 -0.0717218 -1.01539 -0.033337 0.616151 0.0611551 0.784542
depth/209.png rgb/209.png -0.956371 -0.0698876 -1.00164 -0.032287 0.619899 0.0595871 0.781749
depth/210.png rgb/210.png -0.949117 -0.0728433 -0.990037 -0.0328234 0.62272 0.0592091 0.779511
depth/211.png rgb/211.png -0.942653 -0.0766499 -0.975539 -0.0317957 0.626257 0.0580834 0.7768
depth/212.png rgb/212.png -0.935603 -0.0767457 -0.963221 -0.0292486 0.628872 0.0558016 0.774952
depth/213.png rgb/213.png -0.927743 -0.0761909 -0.952869 -0.0271119 0.631127 0.0544639 0.77329
depth/214.png rgb/214.png -0.91849 -0.0805869 -0.941189 -0.0258818 0.633135 0.0541177 0.771713
depth/215.png rgb/215.png -0.909551 -0.0835946 -0.924463 -0.0228914 0.635742 0.0524304 0.769779
depth/216.png rgb/216.png -0.901028 -0.0833297 -0.915195 -0.0200698 0.637479 0.0503142 0.768561
depth/217.png rgb/217.png -0.890927 -0.0860355 -0.904897 -0.0185218 0.639815 0.0492284 0.766727
depth/218.png rgb/218.png -0.880376 -0.090862 -0.893152 -0.0167358 0.642754 0.0480305 0.764383
depth/219.png rgb/219.png -0.870659 -0.0919783 -0.881176 -0.0137938 0.646146 0.0460506 0.761698
depth/220.png rgb/220.png -0.861382 -0.0936255 -0.866719 -0.0118871 0.649293 0.0447012 0.759131
depth/221.png rgb/221.png -0.850716 -0.0966713 -0.857188 -0.010359 0.651747 0.0435806 0.757113
depth/222.png rgb/222.png -0.839925 -0.0996175 -0.846354 -0.00867865 0.654865 0.0422918 0.754512
depth/223.png rgb/223.png -0.829447 -0.102263 -0.838338 -0.00659832 0.657624 0.0412728 0.752186
depth/224.png rgb/224.png -0.81912 -0.106219 -0.826895 -0.00417578 0.660531 0.0408416 0.749675
depth/225.png rgb/225.png -0.807042 -0.112105 -0.818391 -0.00123121 0.662164 0.0404492 0.748265
depth/226.png rgb/226.png -0.79553 -0.117912 -0.804742 0.00249653 0.663726 0.0390077 0.746954
depth/227.png rgb/227.png -0.784893 -0.121957 -0.79721 0.00652714 0.664469 0.0366336 0.746389
depth/228.png rgb/228.png -0.774051 -0.126072 -0.790387 0.010154 0.665164 0.033638 0.74587
depth/229.png rgb/229.png -0.76478 -0.127117 -0.782991 0.0130986 0.666125 0.0293925 0.745146
depth/230.png rgb/230.png -0.755309 -0.130082 -0.774663 0.0144229 0.667231 0.0255574 0.744273
depth/231.png rgb/231.png -0.745706 -0.132946 -0.767403 0.0156298 0.668177 0.0218929 0.743516
depth/232.png rgb/232.png -0.735775 -0.136681 -0.760537 0.0166972 0.669513 0.01867 0.742378
depth/233.png rgb/233.png -0.72571 -0.140046 -0.753346 0.0181582 0.670898 0.0157904 0.741159
depth/234.png rgb/234.png -0.716272 -0.142771 -0.74487 0.0195661 0.672118 0.0131557 0.740069
depth/235.png rgb/235.png -0.70633 -0.146985 -0.738544 0.0204987 0.673005 0.0111195 0.73927
depth/236.png rgb/236.png -0.695499 -0.15298 -0.730753 0.0218386 0.67398 0.00923812 0.738369
depth/237.png rgb/237.png -0.684779 -0.158245 -0.723322 0.023944 0.674927 0.00685873 0.737464
depth/238.png rgb/238.png -0.674625 -0.163041 -0.71467 0.026348 0.675986 0.00425857 0.736431
depth/239.png rgb/239.png -0.66534 -0.163916 -0.706043 0.0296805 0.677212 0.00164205 0.735188
depth/240.png rgb/240.png -0.655571 -0.166541 -0.69758 0.0316296 0.678523 -0.000276635 0.733897
depth/241.png rgb/241.png -0.644619 -0.172556 -0.689801 0.0324548 0.680202 -0.00203912 0.732303
depth/242.png rgb/242.png -0.633314 -0.179002 -0.681703 0.0340651 0.682878 -0.0045595 0.729724
depth/243.png rgb/243.png -0.623035 -0.181517 -0.673717 0.0371852 0.685986 -0.00739781 0.726626
depth/244.png rgb/244.png -0.612697 -0.184402 -0.664742 0.0402192 0.689109 -0.00931558 0.72348
depth/245.png rgb/245.png -0.603219 -0.184678 -0.654769 0.0433143 0.692078 -0.0107772 0.720441
depth/246.png rgb/246.png -0.593892 -0.186453 -0.646234 0.0453713 0.695228 -0.0111765 0.717268
depth/247.png rgb/247.png -0.583866 -0.188788 -0.638592 0.0477144 0.698709 -0.0107527 0.713732
depth/248.png rgb/248.png -0.574189 -0.190963 -0.629574 0.0495602 0.702707 -0.0104958 0.709674
depth/249.png rgb/249.png -0.564117 -0.194049 -0.62077 0.051175 0.706814 -0.0102679 0.705471
depth/250.png rgb/250.png -0.55558 -0.193164 -0.610237 0.0529506 0.71077 -0.0108101 0.701345
depth/251.png rgb/251.png -0.54799 -0.19006 -0.600352 0.0535095 0.71408 -0.0104448 0.697938
depth/252.png rgb/252.png -0.53825 -0.193885 -0.591456 0.0526713 0.717277 -0.00838516 0.694744
depth/253.png rgb/253.png -0.527382 -0.200781 -0.582531 0.0524994 0.720052 -0.00645213 0.691901
depth/254.png rgb/254.png -0.516195 -0.205666 -0.574009 0.0540351 0.72223 -0.00576542 0.689515
depth/255.png rgb/255.png -0.506813 -0.205401 -0.565175 0.0558427 0.724368 -0.00618939 0.68712
depth/256.png rgb/256.png -0.496493 -0.210517 -0.556333 0.0558725 0.727117 -0.00624698 0.684207
depth/257.png rgb/257.png -0.486023 -0.214391 -0.549882 0.0567451 0.730109 -0.00732377 0.680931
depth/258.png rgb/258.png -0.476051 -0.215997 -0.541605 0.057696 0.733624 -0.00892143 0.677044
depth/259.png rgb/259.png -0.466469 -0.215541 -0.534717 0.0583662 0.736369 -0.0102806 0.67398
depth/260.png rgb/260.png -0.456956 -0.215816 -0.527448 0.0581135 0.739082 -0.0109017 0.671016
depth/261.png rgb/261.png -0.446171 -0.21728 -0.521729 0.0575792 0.741356 -0.011414 0.66854
depth/262.png rgb/262.png -0.43585 -0.216944 -0.515749 0.0572686 0.743375 -0.0122072 0.666307
depth/263.png rgb/263.png -0.424616 -0.218799 -0.509499 0.05686 0.744908 -0.0123813 0.664625
depth/264.png rgb/264.png -0.412613 -0.221163 -0.505126 0.056553 0.745792 -0.0131439 0.663644
depth/265.png rgb/265.png -0.401364 -0.220247 -0.501048 0.0568508 0.74663 -0.0143655 0.66265
depth/266.png rgb/266.png -0.390048 -0.219692 -0.494865 0.0563862 0.748081 -0.0154248 0.661028
depth/267.png rgb/267.png -0.378143 -0.219575 -0.492522 0.0557251 0.749334 -0.0161628 0.659645
depth/268.png rgb/268.png -0.352765 -0.224355 -0.481967 0.0552022 0.752074 -0.0170386 0.656541
depth/269.png rgb/269.png -0.338431 -0.22811 -0.47861 0.05678 0.752492 -0.0190959 0.655871
depth/270.png rgb/270.png -0.326492 -0.226244 -0.474986 0.0592779 0.752991 -0.0223322 0.654974
depth/271.png rgb/271.png -0.313883 -0.226978 -0.470447 0.0603801 0.75416 -0.0241241 0.653464
depth/272.png rgb/272.png -0.300615 -0.228193 -0.466773 0.0611375 0.755311 -0.0259345 0.651993
depth/273.png rgb/273.png -0.287729 -0.228187 -0.463987 0.0613734 0.756213 -0.0276379 0.650854
depth/274.png rgb/274.png -0.274265 -0.230061 -0.460178 0.0605324 0.757237 -0.0289768 0.649683
depth/275.png rgb/275.png -0.260702 -0.231545 -0.45675 0.0601243 0.75822 -0.030704 0.648494
depth/276.png rgb/276.png -0.24713 -0.2333 -0.453319 0.0603555 0.759028 -0.0324527 0.647441
depth/277.png rgb/277.png -0.233175 -0.235095 -0.449335 0.0610971 0.759684 -0.0343387 0.646505
depth/278.png rgb/278.png -0.219172 -0.237609 -0.446086 0.0617042 0.760227 -0.036201 0.645707
depth/279.png rgb/279.png -0.20603 -0.238453 -0.443435 0.0624305 0.760843 -0.0379858 0.644808
depth/280.png rgb/280.png -0.194172 -0.237497 -0.438773 0.0628891 0.761926 -0.0392049 0.64341
depth/281.png rgb/281.png -0.181876 -0.238831 -0.436286 0.0625306 0.762981 -0.0393713 0.642184
depth/282.png rgb/282.png -0.169312 -0.240966 -0.430819 0.0627747 0.76418 -0.0401103 0.640686
depth/283.png rgb/283.png -0.157735 -0.24205 -0.426647 0.0641443 0.764577 -0.0414578 0.639991
depth/284.png rgb/284.png -0.1472 -0.242064 -0.42264 0.0652217 0.764284 -0.0424275 0.640169
depth/285.png rgb/285.png -0.137693 -0.241677 -0.418534 0.0650391 0.763653 -0.0425709 0.64093
depth/286.png rgb/286.png -0.128816 -0.241601 -0.414535 0.0639454 0.762815 -0.0422262 0.642061
depth/287.png rgb/287.png -0.120294 -0.241475 -0.408061 0.0628186 0.762158 -0.0417913 0.642979
depth/288.png rgb/288.png -0.111982 -0.241919 -0.40219 0.0615067 0.76138 -0.0408561 0.644087
depth/289.png rgb/289.png -0.104436 -0.241003 -0.395139 0.0607048 0.760897 -0.0401228 0.644779
depth/290.png rgb/290.png -0.0964028 -0.242027 -0.389377 0.0606526 0.760048 -0.0395864 0.645819
depth/291.png rgb/291.png -0.0894217 -0.242301 -0.382507 0.0611139 0.759494 -0.0394661 0.646434
depth/292.png rgb/292.png -0.0833085 -0.241565 -0.375245 0.0611905 0.759519 -0.0389729 0.646427
depth/293.png rgb/293.png -0.0776272 -0.241569 -0.368256 0.060777 0.760106 -0.037995 0.645833
depth/294.png rgb/294.png -0.0717652 -0.241772 -0.361739 0.0598568 0.761194 -0.0371325 0.644688
depth/295.png rgb/295.png -0.0668792 -0.241316 -0.354181 0.058882 0.762506 -0.0362244 0.643277
depth/296.png rgb/296.png -0.0619831 -0.24068 -0.346195 0.057854 0.76416 -0.0350186 0.641471
depth/297.png rgb/297.png -0.0569282 -0.240734 -0.338006 0.0573336 0.765861 -0.0341574 0.639534
depth/298.png rgb/298.png -0.0519211 -0.241588 -0.329696 0.0569661 0.767199 -0.0337747 0.637982
depth/299.png rgb/299.png -0.0472828 -0.241892 -0.320505 0.0565932 0.768467 -0.0335573 0.636497
depth/300.png rgb/300.png -0.0433155 -0.241726 -0.310593 0.0559526 0.769648 -0.0329042 0.635161
depth/301.png rgb/301.png -0.0391117 -0.24207 -0.30065 0.0552239 0.770893 -0.031803 0.633769
depth/302.png rgb/302.png -0.035215 -0.242315 -0.290407 0.0547482 0.772081 -0.0304078 0.632431
depth/303.png rgb/303.png -0.0315448 -0.24226 -0.279023 0.0548774 0.773143 -0.0291038 0.631183
depth/304.png rgb/304.png -0.0279383 -0.242244 -0.2675 0.0554843 0.773902 -0.0280661 0.630245
depth/305.png rgb/305.png -0.0246731 -0.242969 -0.255977 0.0549943 0.774661 -0.0265144 0.629422
depth/306.png rgb/306.png -0.0220444 -0.243114 -0.24428 0.0542624 0.775711 -0.0248724 0.628259
depth/307.png rgb/307.png -0.0201217 -0.242768 -0.233373 0.0533195 0.777055 -0.0228804 0.626753
depth/308.png rgb/308.png -0.0184619 -0.242252 -0.221442 0.0526251 0.778691 -0.0206167 0.624857
depth/309.png rgb/309.png -0.0162515 -0.243086 -0.210669 0.0521938 0.779869 -0.0185384 0.623488
depth/310.png rgb/310.png -0.013905 -0.242865 -0.186723 0.0535106 0.781346 -0.0156856 0.621603
depth/311.png rgb/311.png -0.0133127 -0.242678 -0.175999 0.0540056 0.781168 -0.0146339 0.621808
depth/312.png rgb/312.png -0.0132677 -0.241563 -0.163405 0.0540041 0.780869 -0.0137356 0.622204
depth/313.png rgb/313.png -0.0128284 -0.241817 -0.152053 0.0534499 0.779949 -0.0123234 0.623435
depth/314.png rgb/314.png -0.0126434 -0.242121 -0.139816 0.0532577 0.778603 -0.0117124 0.625143
depth/315.png rgb/315.png -0.012943 -0.241495 -0.128277 0.0533902 0.776627 -0.011563 0.627587
depth/316.png rgb/316.png -0.0135859 -0.241048 -0.116776 0.0534634 0.774276 -0.0115874 0.63048
depth/317.png rgb/317.png -0.0143106 -0.241251 -0.106712 0.0533318 0.771437 -0.011601 0.633961
depth/318.png rgb/318.png -0.0154944 -0.241475 -0.096405 0.0526694 0.76847 -0.0116326 0.637609
depth/319.png rgb/319.png -0.0176239 -0.240408 -0.085815 0.0524378 0.764826 -0.012252 0.641983
depth/320.png rgb/320.png -0.0192396 -0.240811 -0.0764961 0.052252 0.760455 -0.0128351 0.647157
depth/321.png rgb/321.png -0.0211862 -0.239763 -0.0679038 0.0522639 0.755521 -0.0135767 0.652895
depth/322.png rgb/322.png -0.0231554 -0.239206 -0.0587988 0.0518093 0.750121 -0.0139761 0.65912
depth/323.png rgb/323.png -0.0245132 -0.240148 -0.0498259 0.051115 0.744276 -0.0141353 0.665763
depth/324.png rgb/324.png -0.0264656 -0.23989 -0.0426762 0.0511534 0.737863 -0.0144554 0.672854
depth/325.png rgb/325.png -0.028436 -0.240383 -0.0330815 0.0507749 0.730956 -0.0149269 0.680369
depth/326.png rgb/326.png -0.0289648 -0.243185 -0.0268121 0.0503047 0.723817 -0.01454 0.688003
depth/327.png rgb/327.png -0.0305581 -0.244098 -0.0178611 0.0499152 0.717038 -0.014854 0.695086
depth/328.png rgb/328.png -0.0324331 -0.24447 -0.010005 0.0498908 0.710416 -0.0152576 0.701845
depth/329.png rgb/329.png -0.0341467 -0.245183 -0.000306129 0.0496248 0.704033 -0.0154286 0.708264
depth/330.png rgb/330.png -0.0359771 -0.245755 0.00805092 0.0487641 0.697779 -0.014905 0.714496
depth/331.png rgb/331.png -0.0380562 -0.246078 0.0174344 0.0482153 0.691515 -0.0145772 0.720604
depth/332.png rgb/332.png -0.0402861 -0.24603 0.0253863 0.0486926 0.684957 -0.0148579 0.726803
depth/333.png rgb/333.png -0.0423338 -0.247052 0.0341039 0.0492193 0.678835 -0.0147495 0.732491
depth/334.png rgb/334.png -0.0437908 -0.248995 0.041949 0.0498605 0.672093 -0.0147349 0.738639
depth/335.png rgb/335.png -0.0454665 -0.251427 0.0494325 0.0506354 0.664614 -0.0159286 0.745299
depth/336.png rgb/336.png -0.0472557 -0.253069 0.0556726 0.0523566 0.657288 -0.0174884 0.751615
depth/337.png rgb/337.png -0.0496648 -0.25307 0.0611875 0.0539054 0.650109 -0.0194357 0.757677
depth/338.png rgb/338.png -0.0520358 -0.253461 0.066202 0.0546979 0.643414 -0.0204682 0.763287
depth/339.png rgb/339.png -0.0541932 -0.253912 0.0709438 0.0550991 0.636339 -0.0212633 0.769145
depth/340.png rgb/340.png -0.0563001 -0.254274 0.0765989 0.0556253 0.629606 -0.0219308 0.77461
depth/341.png rgb/341.png -0.0582472 -0.254545 0.0813781 0.0559809 0.62324 -0.0217566 0.779721
depth/342.png rgb/342.png -0.0593086 -0.256207 0.086854 0.0562128 0.616418 -0.0217096 0.78511
depth/343.png rgb/343.png -0.0612005 -0.256078 0.0923166 0.0586393 0.609257 -0.0223547 0.790486
depth/344.png rgb/344.png -0.0628324 -0.25597 0.0973403 0.0602604 0.602077 -0.0232178 0.795822
depth/345.png rgb/345.png -0.0651447 -0.254611 0.101854 0.0608555 0.596067 -0.0234258 0.800282
depth/346.png rgb/346.png -0.0656711 -0.256852 0.107612 0.0611544 0.590777 -0.0237083 0.804164
depth/347.png rgb/347.png -0.0673041 -0.256544 0.113378 0.0628491 0.585814 -0.0247568 0.807625
depth/348.png rgb/348.png -0.0692807 -0.255126 0.122166 0.0632938 0.577883 -0.0241236 0.813304
depth/349.png rgb/349.png -0.0693118 -0.255818 0.126384 0.0634007 0.574388 -0.0244053 0.815759
depth/350.png rgb/350.png -0.0698609 -0.255429 0.13104 0.0637295 0.572219 -0.024996 0.817239
depth/351.png rgb/351.png -0.0701942 -0.25448 0.135326 0.0636313 0.570614 -0.0249467 0.81837
depth/352.png rgb/352.png -0.0698639 -0.255012 0.140105 0.0629119 0.568485 -0.0248742 0.819907
depth/353.png rgb/353.png -0.0703825 -0.253593 0.144852 0.0627853 0.56613 -0.024661 0.821551
depth/354.png rgb/354.png -0.0700645 -0.253485 0.149504 0.0618742 0.563613 -0.0241354 0.823365
depth/355.png rgb/355.png -0.0696928 -0.253987 0.155099 0.061031 0.561298 -0.0243553 0.825001
depth/356.png rgb/356.png -0.0699943 -0.252619 0.160515 0.0611365 0.559558 -0.0246942 0.826164
depth/357.png rgb/357.png -0.0706138 -0.25084 0.165995 0.0607908 0.55842 -0.0242463 0.826972
depth/358.png rgb/358.png -0.0707447 -0.249582 0.17213 0.0598766 0.557485 -0.023705 0.827686
depth/359.png rgb/359.png -0.0708414 -0.249454 0.17858 0.0589674 0.556793 -0.0227655 0.828243
depth/360.png rgb/360.png -0.0708453 -0.249677 0.185129 0.0584746 0.555915 -0.0220033 0.828888
depth/361.png rgb/361.png -0.070691 -0.250579 0.192308 0.0584309 0.555234 -0.0222291 0.829341
depth/362.png rgb/362.png -0.0710375 -0.249911 0.199533 0.05911 0.555063 -0.0225644 0.829398
depth/363.png rgb/363.png -0.0716196 -0.249033 0.206595 0.0590125 0.554639 -0.0223835 0.829694
depth/364.png rgb/364.png -0.0717103 -0.249906 0.214447 0.0582265 0.55445 -0.0223236 0.829877
depth/365.png rgb/365.png -0.0717004 -0.250839 0.221738 0.0584532 0.554914 -0.0221906 0.829555
depth/366.png rgb/366.png -0.071889 -0.251341 0.229396 0.0589023 0.556225 -0.0216202 0.828659
depth/367.png rgb/367.png -0.0726577 -0.251073 0.236822 0.0590203 0.557859 -0.020484 0.827581
depth/368.png rgb/368.png -0.0728521 -0.251466 0.244719 0.0587409 0.559718 -0.0194608 0.826369
depth/369.png rgb/369.png -0.0729102 -0.251189 0.25197 0.0582013 0.561906 -0.0187462 0.824938
depth/370.png rgb/370.png -0.0731169 -0.250691 0.259007 0.0568362 0.564947 -0.0178594 0.822974
depth/371.png rgb/371.png -0.0732416 -0.250493 0.266336 0.0552416 0.56894 -0.0167291 0.820351
depth/372.png rgb/372.png -0.0734182 -0.249796 0.273674 0.0535281 0.573581 -0.0158549 0.817244
depth/373.png rgb/373.png -0.0731635 -0.249368 0.280651 0.05131 0.579009 -0.0145854 0.813574
depth/374.png rgb/374.png -0.0721588 -0.250671 0.288053 0.0484836 0.58485 -0.0135091 0.809578
depth/375.png rgb/375.png -0.0698511 -0.251736 0.301203 0.0440387 0.596994 -0.013001 0.800931
depth/376.png rgb/376.png -0.067937 -0.252888 0.307723 0.0417393 0.603648 -0.0131227 0.79605
depth/377.png rgb/377.png -0.0660679 -0.253331 0.313412 0.0401664 0.609683 -0.0130775 0.791519
depth/378.png rgb/378.png -0.0633112 -0.254403 0.318779 0.0389855 0.615735 -0.0127349 0.786885
depth/379.png rgb/379.png -0.0609456 -0.255386 0.323858 0.0381398 0.621818 -0.0126086 0.782131
depth/380.png rgb/380.png -0.0587212 -0.255788 0.328655 0.0375803 0.628172 -0.0122134 0.77707
depth/381.png rgb/381.png -0.0560605 -0.25676 0.33319 0.0371321 0.634702 -0.0119545 0.771772
depth/382.png rgb/382.png -0.0532482 -0.257402 0.337018 0.0373999 0.64138 -0.0120434 0.766216
depth/383.png rgb/383.png -0.0507563 -0.256953 0.339599 0.0383268 0.648132 -0.0123843 0.760462
depth/384.png rgb/384.png -0.047721 -0.257575 0.341762 0.0392853 0.655104 -0.0133228 0.754399
depth/385.png rgb/385.png -0.044033 -0.259667 0.343927 0.040453 0.663338 -0.0144896 0.747085
depth/386.png rgb/386.png -0.041006 -0.260908 0.344878 0.0411168 0.672344 -0.014744 0.738949
depth/387.png rgb/387.png -0.0383911 -0.261019 0.345892 0.0402673 0.681228 -0.0150425 0.730808
depth/388.png rgb/388.png -0.0345093 -0.26409 0.34713 0.0390881 0.689698 -0.0150977 0.722884
depth/389.png rgb/389.png -0.0313296 -0.264421 0.348495 0.0392036 0.697441 -0.0165332 0.715378
depth/390.png rgb/390.png -0.0285066 -0.264192 0.348973 0.0385123 0.705229 -0.0168656 0.707731
depth/391.png rgb/391.png -0.0263871 -0.262663 0.349677 0.0378638 0.713895 -0.0167127 0.699029
depth/392.png rgb/392.png -0.0243653 -0.260794 0.350659 0.0373412 0.723073 -0.0163161 0.689569
depth/393.png rgb/393.png -0.0210572 -0.261194 0.351217 0.0368011 0.73154 -0.015095 0.680637
depth/394.png rgb/394.png -0.017292 -0.261415 0.351394 0.0368861 0.739545 -0.0143712 0.671942
depth/395.png rgb/395.png -0.0144123 -0.260576 0.351493 0.0374931 0.747751 -0.0131348 0.66279
depth/396.png rgb/396.png -0.0114844 -0.258677 0.350963 0.0372347 0.755623 -0.0124101 0.65383
depth/397.png rgb/397.png -0.0069303 -0.260297 0.349515 0.0361203 0.763181 -0.0119737 0.645063
depth/398.png rgb/398.png -0.002602 -0.261268 0.350024 0.035199 0.770913 -0.0125189 0.635843
depth/399.png rgb/399.png 0.0017655 -0.261629 0.350673 0.0350608 0.778892 -0.0132169 0.626038
depth/400.png rgb/400.png 0.00730874 -0.262151 0.350956 0.0351691 0.786903 -0.0135331 0.615925
depth/401.png rgb/401.png 0.0119334 -0.261622 0.352591 0.0347917 0.793932 -0.0142256 0.606844
depth/402.png rgb/402.png 0.0168751 -0.262043 0.351722 0.0334562 0.800359 -0.0145123 0.598411
depth/403.png rgb/403.png 0.0222794 -0.262505 0.353272 0.0310755 0.8074 -0.0147516 0.589001
depth/404.png rgb/404.png 0.0281535 -0.264177 0.355902 0.0287378 0.815118 -0.014588 0.578398
depth/405.png rgb/405.png 0.0333294 -0.265049 0.357908 0.0266822 0.822989 -0.0141991 0.567252
depth/406.png rgb/406.png 0.0386298 -0.265622 0.360776 0.0251809 0.831096 -0.0129679 0.555408
depth/407.png rgb/407.png 0.0452809 -0.269144 0.363392 0.0238756 0.838848 -0.0116841 0.543716
depth/408.png rgb/408.png 0.0514507 -0.272227 0.367788 0.0233136 0.846518 -0.0115229 0.531725
depth/409.png rgb/409.png 0.0549356 -0.270948 0.36946 0.0232103 0.854491 -0.0108606 0.518834
depth/410.png rgb/410.png 0.0601291 -0.270792 0.375707 0.0223082 0.862866 -0.00900713 0.504859
depth/411.png rgb/411.png 0.0663656 -0.272166 0.382486 0.0214895 0.870736 -0.00720088 0.491229
depth/412.png rgb/412.png 0.0711805 -0.270058 0.386035 0.021223 0.878012 -0.00633688 0.478126
depth/413.png rgb/413.png 0.0743286 -0.264231 0.391613 0.0209606 0.884912 -0.00452872 0.465265
depth/414.png rgb/414.png 0.080623 -0.264204 0.397292 0.0185961 0.890957 -0.00101991 0.453706
depth/415.png rgb/415.png 0.0869192 -0.265756 0.398891 0.0157382 0.896212 0.0013703 0.443345
depth/416.png rgb/416.png 0.0891374 -0.262456 0.398307 0.0136156 0.901147 0.00273462 0.43329
depth/417.png rgb/417.png 0.096878 -0.26545 0.403955 0.0102028 0.906626 0.00509805 0.42178
depth/418.png rgb/418.png 0.104282 -0.268042 0.403926 0.00750562 0.911399 0.00532311 0.411421
depth/419.png rgb/419.png 0.108177 -0.263493 0.404887 0.0062546 0.915636 0.00366372 0.401943
depth/420.png rgb/420.png 0.117011 -0.256756 0.40689 0.00287656 0.92316 0.00461515 0.384378
depth/421.png rgb/421.png 0.124112 -0.255638 0.406846 0.00122661 0.926735 0.00547384 0.375673
depth/422.png rgb/422.png 0.129796 -0.252459 0.405162 -0.000234908 0.929814 0.00571356 0.367984
depth/423.png rgb/423.png 0.137672 -0.25306 0.402692 -0.00232427 0.932975 0.00678461 0.35987
depth/424.png rgb/424.png 0.14656 -0.253032 0.401924 -0.00383844 0.936044 0.00639617 0.351804
depth/425.png rgb/425.png 0.152406 -0.249301 0.397413 -0.00445973 0.938768 0.0054182 0.344478
depth/426.png rgb/426.png 0.162156 -0.247493 0.394102 -0.00587037 0.941592 0.00512894 0.336666
depth/427.png rgb/427.png 0.172725 -0.246325 0.392538 -0.00661121 0.944196 0.00461228 0.329286
depth/428.png rgb/428.png 0.18093 -0.242484 0.385856 -0.00655983 0.946391 0.00366104 0.322937
depth/429.png rgb/429.png 0.190358 -0.238115 0.382459 -0.00665698 0.948756 0.00354855 0.31592
depth/430.png rgb/430.png 0.202365 -0.236676 0.377753 -0.00686904 0.951003 0.00460927 0.30907
depth/431.png rgb/431.png 0.213773 -0.235257 0.372106 -0.00680642 0.952882 0.00508667 0.303222
depth/432.png rgb/432.png 0.223665 -0.230547 0.363648 -0.0055051 0.954796 0.0052248 0.297166
depth/433.png rgb/433.png 0.236759 -0.229568 0.358394 -0.00410408 0.95684 0.00698609 0.290503
depth/434.png rgb/434.png 0.252589 -0.233459 0.351295 -0.00274876 0.958594 0.00846174 0.284638
depth/435.png rgb/435.png 0.269851 -0.239011 0.342633 -0.000967559 0.960042 0.00751241 0.279753
depth/436.png rgb/436.png 0.283326 -0.240181 0.334696 0.00148052 0.96107 0.00329549 0.276283
depth/437.png rgb/437.png 0.290907 -0.234729 0.323801 0.00480729 0.961948 -0.00162641 0.273184
depth/438.png rgb/438.png 0.296968 -0.226098 0.315415 0.00764473 0.963048 -0.00412525 0.269191
depth/439.png rgb/439.png 0.3048 -0.219177 0.307836 0.00845865 0.964299 -0.00315894 0.264662
depth/440.png rgb/440.png 0.318402 -0.220087 0.298812 0.00708597 0.965784 0.000252601 0.259251
depth/441.png rgb/441.png 0.344066 -0.224198 0.281431 0.00637068 0.968559 0.00260806 0.24869
depth/442.png rgb/442.png 0.354264 -0.223407 0.270648 0.00688688 0.969897 0.00172274 0.243411
depth/443.png rgb/443.png 0.364193 -0.220756 0.262389 0.00735132 0.971277 0.000787614 0.237837
depth/444.png rgb/444.png 0.374359 -0.220865 0.253405 0.00679678 0.972486 0.000731351 0.232862
depth/445.png rgb/445.png 0.382311 -0.217865 0.245687 0.00646205 0.973657 -0.000165556 0.227927
depth/446.png rgb/446.png 0.389979 -0.215934 0.238332 0.00608074 0.974886 -6.10689e-05 0.22262
depth/447.png rgb/447.png 0.397924 -0.214023 0.230184 0.00581031 0.976337 0.000164949 0.216177
depth/448.png rgb/448.png 0.40485 -0.209683 0.224565 0.00631264 0.977787 0.000659256 0.209505
depth/449.png rgb/449.png 0.414556 -0.209313 0.218845 0.00552636 0.97912 0.00216491 0.203199
depth/450.png rgb/450.png 0.424422 -0.209434 0.212299 0.00437378 0.980336 0.002863 0.197267
depth/451.png rgb/451.png 0.432398 -0.205973 0.205969 0.00376465 0.981418 0.00283354 0.191826
depth/452.png rgb/452.png 0.442211 -0.205374 0.200259 0.0030429 0.982418 0.00407716 0.186627
depth/453.png rgb/453.png 0.452688 -0.204314 0.195069 0.00255941 0.983276 0.00457324 0.182048
depth/454.png rgb/454.png 0.461225 -0.201164 0.188514 0.00247079 0.983949 0.00514274 0.17836
depth/455.png rgb/455.png 0.47059 -0.198364 0.183677 0.00221978 0.984662 0.00652567 0.174334
depth/456.png rgb/456.png 0.482498 -0.199646 0.180829 0.00198942 0.985476 0.00867982 0.169582
depth/457.png rgb/457.png 0.495301 -0.202097 0.174432 0.00236564 0.986297 0.00932598 0.164699
depth/458.png rgb/458.png 0.503772 -0.198098 0.170628 0.00502191 0.986998 0.00805339 0.160453
depth/459.png rgb/459.png 0.514978 -0.19624 0.167627 0.00763831 0.987826 0.00854494 0.15514
depth/460.png rgb/460.png 0.526273 -0.19717 0.161971 0.00956238 0.988553 0.00903188 0.150301
depth/461.png rgb/461.png 0.535419 -0.195151 0.155713 0.0111188 0.989264 0.008301 0.145481
depth/462.png rgb/462.png 0.543323 -0.191592 0.152798 0.0114172 0.990058 0.0076352 0.139985
depth/463.png rgb/463.png 0.551125 -0.187682 0.149725 0.0107603 0.990967 0.00857335 0.133396
depth/464.png rgb/464.png 0.563835 -0.188614 0.14697 0.00918208 0.992034 0.0108484 0.125167
depth/465.png rgb/465.png 0.574994 -0.187006 0.144229 0.00834478 0.992955 0.0117243 0.117613
depth/466.png rgb/466.png 0.585289 -0.183508 0.143632 0.0083437 0.993854 0.0131721 0.109592
depth/467.png rgb/467.png 0.59469 -0.18197 0.14231 0.00814454 0.994644 0.0157378 0.101831
depth/468.png rgb/468.png 0.604288 -0.178582 0.142181 0.0076934 0.995511 0.01814 0.0925762
depth/469.png rgb/469.png 0.615002 -0.177004 0.140011 0.00651486 0.996255 0.02174 0.0834265
depth/470.png rgb/470.png 0.625505 -0.177285 0.136905 0.00524499 0.996839 0.0251219 0.0751831
depth/471.png rgb/471.png 0.635489 -0.177206 0.13292 0.00462461 0.99734 0.0270702 0.0675179
depth/472.png rgb/472.png 0.641088 -0.175815 0.125394 0.00464598 0.997708 0.0282267 0.0613183
depth/473.png rgb/473.png 0.649672 -0.173836 0.12321 0.00479304 0.998136 0.0294761 0.0532229
depth/474.png rgb/474.png 0.659578 -0.173587 0.120561 0.00484419 0.998489 0.0312633 0.0449321
depth/475.png rgb/475.png 0.667724 -0.173597 0.112537 0.00428353 0.998718 0.0324684 0.0386088
depth/476.png rgb/476.png 0.680429 -0.172931 0.115673 0.00381259 0.999002 0.0331215 0.0297393
depth/477.png rgb/477.png 0.687686 -0.170232 0.114472 0.00288109 0.999156 0.0335918 0.0234815
depth/478.png rgb/478.png 0.697951 -0.168195 0.116364 0.00141345 0.999256 0.0353113 0.015448
depth/479.png rgb/479.png 0.705618 -0.169935 0.110544 4.49161e-05 0.999247 0.0376278 0.0094929
depth/480.png rgb/480.png 0.715426 -0.169618 0.111737 -0.000573985 0.999278 0.0379142 0.00257017
depth/481.png rgb/481.png 0.724144 -0.167419 0.110474 -0.000551846 0.999267 0.0380455 -0.00418104
depth/482.png rgb/482.png 0.729217 -0.166939 0.105936 -0.000409812 0.999199 0.0391056 -0.00848797
depth/483.png rgb/483.png 0.73847 -0.16999 0.101581 -0.000230759 0.9991 0.0401869 -0.0135978
depth/484.png rgb/484.png 0.747538 -0.173031 0.0990629 0.000537057 0.99909 0.0386098 -0.0181055
depth/485.png rgb/485.png 0.75349 -0.169731 0.0962038 0.00176416 0.999126 0.035166 -0.0225239
depth/486.png rgb/486.png 0.753131 -0.167168 0.0885859 0.00284825 0.999107 0.0338501 -0.0251353
depth/487.png rgb/487.png 0.758137 -0.166618 0.0842795 0.00323105 0.998923 0.0337863 -0.0316412
depth/488.png rgb/488.png 0.7624 -0.165787 0.0759463 0.00327486 0.99869 0.0335827 -0.0384632
depth/489.png rgb/489.png 0.768056 -0.164866 0.0714412 0.00303026 0.998386 0.0335155 -0.0457561
depth/490.png rgb/490.png 0.768615 -0.165343 0.0600009 0.00225058 0.998198 0.0334115 -0.0497837
depth/491.png rgb/491.png 0.770694 -0.164459 0.0488925 0.000594001 0.997975 0.0322813 -0.0548126
depth/492.png rgb/492.png 0.772099 -0.159667 0.0416703 -0.00177318 0.997702 0.0307348 -0.0603536
depth/493.png rgb/493.png 0.772134 -0.156654 0.031096 -0.00421382 0.997355 0.0312837 -0.0654711
depth/494.png rgb/494.png 0.771087 -0.156811 0.0239339 -0.00649111 0.997116 0.032267 -0.0683857
depth/495.png rgb/495.png 0.774266 -0.15372 0.0175686 -0.00784633 0.996799 0.031979 -0.0728513
depth/496.png rgb/496.png 0.772695 -0.152506 0.00659227 -0.00837725 0.996545 0.0325391 -0.0759571
depth/497.png rgb/497.png 0.773947 -0.151324 0.0001688 -0.0082595 0.996156 0.0324585 -0.0809391
depth/498.png rgb/498.png 0.773896 -0.14987 -0.0101748 -0.0077523 0.995738 0.0322459 -0.0860593
depth/499.png rgb/499.png 0.774923 -0.148127 -0.0207624 -0.00730907 0.995339 0.0318251 -0.0907444
depth/500.png rgb/500.png 0.778366 -0.145806 -0.0268044 -0.00719063 0.994848 0.0317403 -0.0960088
depth/501.png rgb/501.png 0.780298 -0.145852 -0.0397186 -0.00725506 0.994385 0.0322885 -0.100518
depth/502.png rgb/502.png 0.779262 -0.142618 -0.0501962 -0.00723354 0.994068 0.0317824 -0.103761
depth/503.png rgb/503.png 0.775496 -0.140872 -0.0630894 -0.0071027 0.993714 0.0327356 -0.106818
depth/504.png rgb/504.png 0.775453 -0.14358 -0.0719552 -0.00670606 0.993186 0.0338053 -0.111328
depth/505.png rgb/505.png 0.775527 -0.144446 -0.0833402 -0.00605939 0.992748 0.0325169 -0.11557
depth/506.png rgb/506.png 0.768215 -0.142031 -0.0929036 -0.00500243 0.992501 0.0306344 -0.118228
depth/507.png rgb/507.png 0.771752 -0.140718 -0.102552 -0.00394492 0.99209 0.0299906 -0.121826
depth/508.png rgb/508.png 0.776288 -0.141855 -0.117409 -0.00252545 0.991504 0.0302725 -0.126479
depth/509.png rgb/509.png 0.779042 -0.145641 -0.129791 -0.000795127 0.990968 0.0297467 -0.130752
depth/510.png rgb/510.png 0.77581 -0.146236 -0.142705 0.000304943 0.990525 0.0274148 -0.134567
depth/511.png rgb/511.png 0.780884 -0.144743 -0.153885 0.000800353 0.989708 0.0253632 -0.140834
depth/512.png rgb/512.png 0.782254 -0.146109 -0.165529 0.00085956 0.988987 0.0246731 -0.145932
depth/513.png rgb/513.png 0.787573 -0.148226 -0.177933 0.000897449 0.988165 0.0231964 -0.151626
depth/514.png rgb/514.png 0.790653 -0.147453 -0.191471 0.000354883 0.987358 0.0208869 -0.157121
depth/515.png rgb/515.png 0.78639 -0.145022 -0.190337 -0.000150359 0.986803 0.0190734 -0.160801
depth/516.png rgb/516.png 0.800688 -0.145338 -0.211198 -0.000652428 0.98564 0.018814 -0.167805
depth/517.png rgb/517.png 0.791691 -0.147988 -0.207074 -0.00110028 0.985091 0.0181986 -0.171065
depth/518.png rgb/518.png 0.784569 -0.149666 -0.206909 -0.0023412 0.98458 0.0162776 -0.174159
depth/519.png rgb/519.png 0.782116 -0.147523 -0.214534 -0.0037868 0.983912 0.0136901 -0.178089
depth/520.png rgb/520.png 0.784119 -0.143941 -0.221076 -0.00549445 0.98315 0.012471 -0.182289
depth/521.png rgb/521.png 0.77369 -0.142751 -0.215346 -0.00708129 0.982764 0.0129022 -0.184275
depth/522.png rgb/522.png 0.790519 -0.143017 -0.236923 -0.00856498 0.981365 0.0139209 -0.191456
depth/523.png rgb/523.png 0.790152 -0.142296 -0.241951 -0.00970779 0.980511 0.0139296 -0.19573
depth/524.png rgb/524.png 0.797955 -0.138763 -0.254983 -0.0105992 0.979386 0.0142896 -0.201215
depth/525.png rgb/525.png 0.799077 -0.13928 -0.264081 -0.0109137 0.978343 0.0158726 -0.20609
depth/526.png rgb/526.png 0.801825 -0.138659 -0.268895 -0.0112474 0.977313 0.0161201 -0.210885
depth/527.png rgb/527.png 0.814956 -0.136675 -0.289484 -0.0120238 0.97564 0.0166517 -0.218413
depth/528.png rgb/528.png 0.811538 -0.136954 -0.29122 -0.0126961 0.974744 0.0175789 -0.222269
depth/529.png rgb/529.png 0.819664 -0.135701 -0.306428 -0.0134093 0.973271 0.0180447 -0.228558
depth/530.png rgb/530.png 0.820109 -0.134348 -0.314497 -0.0138906 0.972144 0.018685 -0.233223
depth/531.png rgb/531.png 0.81859 -0.133266 -0.319636 -0.0141775 0.971398 0.0193423 -0.236243
depth/532.png rgb/532.png 0.826052 -0.131703 -0.334907 -0.014084 0.969936 0.020232 -0.24211
depth/533.png rgb/533.png 0.831449 -0.133759 -0.349821 -0.013871 0.96865 0.0212714 -0.247128
depth/534.png rgb/534.png 0.828956 -0.132867 -0.353743 -0.0139015 0.967711 0.0207335 -0.250823
depth/535.png rgb/535.png 0.836882 -0.131353 -0.370759 -0.0139465 0.966137 0.0208333 -0.25681
depth/536.png rgb/536.png 0.836924 -0.13116 -0.379084 -0.0137654 0.965034 0.0211147 -0.260909
depth/537.png rgb/537.png 0.835061 -0.130707 -0.38691 -0.0138273 0.963994 0.0212785 -0.264712
depth/538.png rgb/538.png 0.83797 -0.131843 -0.40132 -0.0143315 0.962693 0.021832 -0.269331
depth/539.png rgb/539.png 0.83885 -0.13373 -0.410722 -0.01469 0.961577 0.021469 -0.273299
depth/540.png rgb/540.png 0.84126 -0.131606 -0.423827 -0.0152783 0.960522 0.0202096 -0.277048
depth/541.png rgb/541.png 0.842254 -0.128994 -0.429134 -0.0160584 0.959402 0.0203871 -0.280845
depth/542.png rgb/542.png 0.842793 -0.129811 -0.439238 -0.0175642 0.958461 0.0219083 -0.283839
depth/543.png rgb/543.png 0.845405 -0.128418 -0.451087 -0.0192983 0.957491 0.0229854 -0.286897
depth/544.png rgb/544.png 0.846718 -0.129166 -0.457593 -0.0207167 0.956647 0.0249769 -0.289435
depth/545.png rgb/545.png 0.848788 -0.130743 -0.469484 -0.0218149 0.955732 0.0263266 -0.292247
depth/546.png rgb/546.png 0.84566 -0.130861 -0.473 -0.0227369 0.955028 0.0265757 -0.294446
depth/547.png rgb/547.png 0.84675 -0.130209 -0.479534 -0.023333 0.954002 0.0270181 -0.297667
depth/548.png rgb/548.png 0.84621 -0.132536 -0.486197 -0.0232138 0.953046 0.0274694 -0.300682
depth/549.png rgb/549.png 0.846598 -0.132524 -0.494112 -0.0230999 0.952 0.026773 -0.30405
depth/550.png rgb/550.png 0.84967 -0.133882 -0.502181 -0.0231487 0.950662 0.0265186 -0.308224
depth/551.png rgb/551.png 0.848281 -0.133681 -0.504714 -0.0229274 0.94954 0.0254146 -0.311772
depth/552.png rgb/552.png 0.848883 -0.132038 -0.511777 -0.0226244 0.948134 0.0248478 -0.316089
depth/553.png rgb/553.png 0.849317 -0.134846 -0.519645 -0.0215533 0.946799 0.0252821 -0.320107
depth/554.png rgb/554.png 0.849196 -0.137323 -0.528254 -0.0206931 0.945658 0.024152 -0.323605
depth/555.png rgb/555.png 0.848473 -0.134611 -0.532304 -0.0203797 0.944724 0.0218052 -0.326504
depth/556.png rgb/556.png 0.84658 -0.131999 -0.538336 -0.0196604 0.943637 0.0215744 -0.329693
depth/557.png rgb/557.png 0.845935 -0.134537 -0.543574 -0.0186478 0.942242 0.0225043 -0.333655
depth/558.png rgb/558.png 0.84466 -0.134535 -0.546801 -0.0176793 0.940879 0.0218101 -0.337579
depth/559.png rgb/559.png 0.847756 -0.133643 -0.554963 -0.0168234 0.939054 0.0212139 -0.342703
depth/560.png rgb/560.png 0.846307 -0.134852 -0.558039 -0.0163784 0.937615 0.0209267 -0.346658
depth/561.png rgb/561.png 0.848148 -0.134879 -0.567242 -0.0164528 0.935819 0.0199766 -0.35153
depth/562.png rgb/562.png 0.848492 -0.132817 -0.57306 -0.0165694 0.934136 0.0188408 -0.356034
depth/563.png rgb/563.png 0.851778 -0.130274 -0.584517 -0.016503 0.931812 0.0187265 -0.362083
depth/564.png rgb/564.png 0.852486 -0.129412 -0.591151 -0.0163196 0.929575 0.0194663 -0.367757
depth/565.png rgb/565.png 0.853869 -0.12893 -0.597516 -0.0163781 0.927387 0.0200179 -0.373208
depth/566.png rgb/566.png 0.856158 -0.126768 -0.606329 -0.0166064 0.925179 0.0202915 -0.378624
depth/567.png rgb/567.png 0.858139 -0.125125 -0.616779 -0.0163212 0.923073 0.0211981 -0.383692
depth/568.png rgb/568.png 0.856973 -0.127641 -0.626588 -0.0158222 0.921207 0.0222604 -0.388114
depth/569.png rgb/569.png 0.855701 -0.128898 -0.635074 -0.0166293 0.919538 0.021507 -0.392061
depth/570.png rgb/570.png 0.855648 -0.124685 -0.643662 -0.018342 0.917728 0.0201309 -0.396274
depth/571.png rgb/571.png 0.855054 -0.123992 -0.653057 -0.019572 0.915849 0.0211536 -0.400487
depth/572.png rgb/572.png 0.852346 -0.125329 -0.659956 -0.0206885 0.914466 0.021412 -0.403565
depth/573.png rgb/573.png 0.851101 -0.122205 -0.66957 -0.0218638 0.913146 0.0206505 -0.406522
depth/574.png rgb/574.png 0.850276 -0.118713 -0.676818 -0.0227553 0.911799 0.0214733 -0.409443
depth/575.png rgb/575.png 0.848754 -0.120339 -0.686288 -0.0229608 0.910246 0.023212 -0.412778
depth/576.png rgb/576.png 0.847854 -0.119656 -0.695817 -0.0234494 0.90867 0.0232207 -0.416208
depth/577.png rgb/577.png 0.847292 -0.116893 -0.704976 -0.0240363 0.907064 0.0234012 -0.419654
depth/578.png rgb/578.png 0.84673 -0.115809 -0.715287 -0.0239382 0.905733 0.0241803 -0.422481
depth/579.png rgb/579.png 0.845208 -0.115996 -0.724656 -0.0235849 0.90477 0.024556 -0.424537
depth/580.png rgb/580.png 0.843823 -0.113822 -0.735742 -0.0231861 0.903789 0.0241443 -0.426668
depth/581.png rgb/581.png 0.843602 -0.110559 -0.745092 -0.0226285 0.902527 0.0245389 -0.429337
depth/582.png rgb/582.png 0.841621 -0.110924 -0.756422 -0.0217251 0.900935 0.0261648 -0.432619
depth/583.png rgb/583.png 0.840288 -0.11016 -0.76777 -0.0211154 0.899249 0.0268927 -0.436099
depth/584.png rgb/584.png 0.839876 -0.106897 -0.778833 -0.0203449 0.897426 0.0278151 -0.439817
depth/585.png rgb/585.png 0.838495 -0.106233 -0.788488 -0.0187022 0.895385 0.0298765 -0.443897
depth/586.png rgb/586.png 0.835754 -0.108383 -0.815868 -0.0143663 0.890819 0.0322188 -0.452987
depth/587.png rgb/587.png 0.833847 -0.109809 -0.825732 -0.012135 0.888963 0.031766 -0.456716
depth/588.png rgb/588.png 0.831501 -0.111465 -0.837264 -0.0101779 0.887572 0.0305322 -0.459544
depth/589.png rgb/589.png 0.830292 -0.109071 -0.848604 -0.00916214 0.886039 0.0285176 -0.462643
depth/590.png rgb/590.png 0.829113 -0.106656 -0.862466 -0.00845711 0.884124 0.0282114 -0.466324
depth/591.png rgb/591.png 0.827278 -0.106601 -0.874933 -0.00791135 0.881867 0.0290879 -0.470533
depth/592.png rgb/592.png 0.825758 -0.106436 -0.886819 -0.00782327 0.879619 0.0299782 -0.474668
depth/593.png rgb/593.png 0.82315 -0.105433 -0.895954 -0.00821581 0.877765 0.0311269 -0.478009
depth/594.png rgb/594.png 0.821331 -0.106798 -0.908895 -0.00817898 0.875581 0.0326067 -0.481901
depth/595.png rgb/595.png 0.818547 -0.108524 -0.919391 -0.00811189 0.87363 0.0328897 -0.48541
depth/596.png rgb/596.png 0.816836 -0.108369 -0.933021 -0.00789647 0.871439 0.032309 -0.489376
depth/597.png rgb/597.png 0.813755 -0.110445 -0.943186 -0.0074621 0.869663 0.0319423 -0.492556
depth/598.png rgb/598.png 0.811666 -0.11051 -0.954481 -0.00805408 0.86795 0.0307672 -0.495633
depth/599.png rgb/599.png 0.808644 -0.110636 -0.964802 -0.00931835 0.866422 0.0302512 -0.498308
depth/600.png rgb/600.png 0.806618 -0.110611 -0.97739 0.0108901 -0.864739 -0.0300561 0.501203
depth/601.png rgb/601.png 0.803174 -0.110937 -0.986351 0.0122554 -0.863234 -0.0301688 0.503751
depth/602.png rgb/602.png 0.799847 -0.111564 -0.994576 0.0135092 -0.861837 -0.0301792 0.506106
depth/603.png rgb/603.png 0.796969 -0.11062 -1.00328 0.0145274 -0.860206 -0.0298301 0.508866
depth/604.png rgb/604.png 0.794506 -0.108107 -1.01095 0.0150843 -0.85874 -0.0295607 0.511336
depth/605.png rgb/605.png 0.792312 -0.107492 -1.02371 0.0146236 -0.857071 -0.02998 0.514117
depth/606.png rgb/606.png 0.78921 -0.109008 -1.03241 0.014359 -0.855788 -0.0303493 0.516236
depth/607.png rgb/607.png 0.787555 -0.106205 -1.04149 0.0150992 -0.854335 -0.0294978 0.518665
depth/608.png rgb/608.png 0.785511 -0.102262 -1.04971 0.0154627 -0.852466 -0.0297497 0.521705
depth/609.png rgb/609.png 0.784104 -0.101447 -1.06332 0.0145602 -0.850223 -0.0310893 0.525301
depth/610.png rgb/610.png 0.781165 -0.101903 -1.07247 0.0131913 -0.848336 -0.031768 0.52834
depth/611.png rgb/611.png 0.779005 -0.0998497 -1.07992 0.0119063 -0.84687 -0.0312682 0.530746
depth/612.png rgb/612.png 0.777122 -0.0975447 -1.09294 0.0100297 -0.845258 -0.0311228 0.533356
depth/613.png rgb/613.png 0.775738 -0.0961516 -1.10134 0.00830369 -0.843705 -0.031517 0.535817
depth/614.png rgb/614.png 0.774232 -0.0933475 -1.11236 0.00723064 -0.841869 -0.0320793 0.538678
depth/615.png rgb/615.png 0.772287 -0.0917935 -1.1232 0.00612637 -0.839613 -0.0334499 0.542119
depth/616.png rgb/616.png 0.771141 -0.0899189 -1.13606 0.00501764 -0.836985 -0.0349549 0.546085
depth/617.png rgb/617.png 0.769946 -0.0891135 -1.15133 0.00378894 -0.833932 -0.0366523 0.550635
depth/618.png rgb/618.png 0.767032 -0.0899496 -1.16027 0.00234344 -0.83084 -0.0377166 0.555227
depth/619.png rgb/619.png 0.765324 -0.0893757 -1.17061 0.00113207 -0.828048 -0.0378263 0.559379
depth/620.png rgb/620.png 0.763366 -0.0874217 -1.18139 6.07251e-05 -0.825447 -0.0380745 0.563194
depth/621.png rgb/621.png 0.761028 -0.0879774 -1.19209 -0.000950877 -0.822438 -0.0390735 0.56751
depth/622.png rgb/622.png 0.758035 -0.0887928 -1.20322 -0.00119191 -0.819548 -0.039459 0.571649
depth/623.png rgb/623.png 0.755226 -0.0871289 -1.21314 -0.000793256 -0.816667 -0.0394866 0.575756
depth/624.png rgb/624.png 0.753265 -0.0849953 -1.22255 -0.000614253 -0.813583 -0.039972 0.580072
depth/625.png rgb/625.png 0.750428 -0.0848012 -1.23266 -0.00154361 -0.80974 -0.0409163 0.585358
depth/626.png rgb/626.png 0.74661 -0.086587 -1.24231 -0.00312051 -0.805852 -0.0411528 0.590678
depth/627.png rgb/627.png 0.743991 -0.0858243 -1.24862 -0.00396248 -0.802279 -0.040239 0.595578
depth/628.png rgb/628.png 0.740078 -0.08566 -1.25813 -0.0050762 -0.798194 -0.0398154 0.601061
depth/629.png rgb/629.png 0.736068 -0.0866559 -1.26664 -0.00640463 -0.79399 -0.0390087 0.606644
depth/630.png rgb/630.png 0.732294 -0.0855029 -1.27243 -0.00736756 -0.790329 -0.0377205 0.611476
depth/631.png rgb/631.png 0.728242 -0.0864584 -1.28294 -0.0086561 -0.78608 -0.0370874 0.616951
depth/632.png rgb/632.png 0.723025 -0.0879946 -1.29078 -0.00939131 -0.782466 -0.0360237 0.62158
depth/633.png rgb/633.png 0.718967 -0.0878918 -1.29629 -0.00932579 -0.77932 -0.0343187 0.625616
depth/634.png rgb/634.png 0.715505 -0.0862679 -1.30542 -0.00893472 -0.775453 -0.0329011 0.630484
depth/635.png rgb/635.png 0.711003 -0.0866046 -1.31247 -0.00876131 -0.771748 -0.0324496 0.635039
depth/636.png rgb/636.png 0.707651 -0.0849512 -1.32039 -0.00750187 -0.767985 -0.031745 0.639637
depth/637.png rgb/637.png 0.702501 -0.0828781 -1.3261 -0.0066045 -0.764356 -0.0318526 0.643974
depth/638.png rgb/638.png 0.698357 -0.081635 -1.33197 -0.00602472 -0.761118 -0.032317 0.64778
depth/639.png rgb/639.png 0.693285 -0.0805116 -1.33846 -0.00566713 -0.758148 -0.0327984 0.651232
depth/640.png rgb/640.png 0.687886 -0.0792887 -1.34335 -0.00554075 -0.755675 -0.0333159 0.654076
depth/641.png rgb/641.png 0.683199 -0.0775955 -1.34994 -0.00580296 -0.752933 -0.0336296 0.657212
depth/642.png rgb/642.png 0.677498 -0.0765924 -1.35484 -0.00615737 -0.750621 -0.0337238 0.659843
depth/643.png rgb/643.png 0.672506 -0.0745592 -1.36107 -0.00643533 -0.7481 -0.0334696 0.66271
depth/644.png rgb/644.png 0.666083 -0.0730164 -1.36487 -0.00694736 -0.746113 -0.0334715 0.664941
depth/645.png rgb/645.png 0.658732 -0.0733929 -1.37055 -0.00788734 -0.743942 -0.0334046 0.667363
depth/646.png rgb/646.png 0.651997 -0.0726798 -1.37489 -0.00840082 -0.741897 -0.0322995 0.669683
depth/647.png rgb/647.png 0.644827 -0.0699666 -1.37962 -0.00858483 -0.739945 -0.0311391 0.671891
depth/648.png rgb/648.png 0.630786 -0.0629404 -1.3884 -0.0107204 -0.735337 -0.0318001 0.67687
depth/649.png rgb/649.png 0.61332 -0.0629628 -1.39847 -0.014894 -0.730382 -0.0332674 0.682066
depth/650.png rgb/650.png 0.603922 -0.0637288 -1.40411 -0.016716 -0.72753 -0.0332406 0.685067
depth/651.png rgb/651.png 0.593633 -0.0668249 -1.40842 -0.0180316 -0.725026 -0.0323558 0.687725
depth/652.png rgb/652.png 0.583319 -0.0665414 -1.41189 -0.0176151 -0.722645 -0.0302733 0.690331
depth/653.png rgb/653.png 0.573826 -0.0642872 -1.4176 -0.016395 -0.719663 -0.0296384 0.693497
depth/654.png rgb/654.png 0.563019 -0.0647731 -1.42173 -0.015552 -0.716541 -0.0308314 0.69669
depth/655.png rgb/655.png 0.552423 -0.0650494 -1.42532 -0.0143331 -0.713455 -0.0321114 0.699818
depth/656.png rgb/656.png 0.541173 -0.0663753 -1.42989 -0.0134987 -0.71037 -0.0336073 0.702896
depth/657.png rgb/657.png 0.529387 -0.0690813 -1.43306 -0.0125459 -0.707432 -0.0344827 0.705828
depth/658.png rgb/658.png 0.518554 -0.0701976 -1.43664 -0.0110266 -0.704285 -0.0341234 0.709011
depth/659.png rgb/659.png 0.506475 -0.0726335 -1.44056 -0.00981552 -0.701489 -0.0337483 0.711813
depth/660.png rgb/660.png 0.494616 -0.0759301 -1.44208 -0.00823376 -0.699152 -0.0325154 0.714186
depth/661.png rgb/661.png 0.483915 -0.0754464 -1.44553 -0.00591186 -0.696673 -0.0298004 0.716745
depth/662.png rgb/662.png 0.47372 -0.0724819 -1.45115 -0.00417802 -0.693432 -0.0277904 0.719974
depth/663.png rgb/663.png 0.463143 -0.0730085 -1.45405 -0.00408457 -0.690445 -0.0273789 0.722855
depth/664.png rgb/664.png 0.452021 -0.0751548 -1.45761 -0.00426674 -0.687806 -0.0266315 0.725393
depth/665.png rgb/665.png 0.441361 -0.0780318 -1.45909 -0.00443495 -0.685973 -0.0249247 0.727186
depth/666.png rgb/666.png 0.430298 -0.082128 -1.46227 -0.00436444 -0.684058 -0.0220453 0.729081
depth/667.png rgb/667.png 0.419321 -0.0834746 -1.46514 -0.00311429 -0.682148 -0.0181125 0.730983
depth/668.png rgb/668.png 0.409676 -0.0831013 -1.4681 -0.00192198 -0.68004 -0.0146208 0.733027
depth/669.png rgb/669.png 0.400131 -0.0833576 -1.47188 -0.00122367 -0.67802 -0.0125936 0.734935
depth/670.png rgb/670.png 0.39052 -0.085954 -1.47595 -0.000351534 -0.675726 -0.0118913 0.737057
depth/671.png rgb/671.png 0.381567 -0.0864506 -1.47961 0.00136052 -0.673068 -0.0113308 0.739492
depth/672.png rgb/672.png 0.372751 -0.0875072 -1.48338 0.00234924 -0.669869 -0.011179 0.742392
depth/673.png rgb/673.png 0.364056 -0.0894244 -1.48614 0.00285993 -0.66646 -0.0111258 0.745453
depth/674.png rgb/674.png 0.354915 -0.0936811 -1.48963 0.003082 -0.662985 -0.0105139 0.748552
depth/675.png rgb/675.png 0.346191 -0.0967684 -1.49141 0.00416616 -0.660276 -0.00842812 0.750964
depth/676.png rgb/676.png 0.337977 -0.0986755 -1.49464 0.00553453 -0.657621 -0.00610972 0.753304
depth/677.png rgb/677.png 0.329086 -0.100692 -1.49849 0.00702034 -0.654975 -0.00392132 0.755608
depth/678.png rgb/678.png 0.321265 -0.100549 -1.50332 0.00894814 -0.652094 -0.00248653 0.758081
depth/679.png rgb/679.png 0.313223 -0.101825 -1.50678 0.00992586 -0.648919 -0.00222218 0.76079
depth/680.png rgb/680.png 0.305 -0.105392 -1.51088 0.0105257 -0.645508 -0.00195472 0.763678
depth/681.png rgb/681.png 0.297052 -0.108139 -1.51524 0.0117416 -0.642374 -0.000718823 0.766301
depth/682.png rgb/682.png 0.28874 -0.109246 -1.51948 0.0131571 -0.639449 0.00105631 0.768721
depth/683.png rgb/683.png 0.281013 -0.110012 -1.52494 0.0144346 -0.636475 0.00229645 0.771159
depth/684.png rgb/684.png 0.27246 -0.113548 -1.53036 0.0148194 -0.633268 0.00305842 0.773785
depth/685.png rgb/685.png 0.264306 -0.117024 -1.53597 0.0160064 -0.629823 0.00493975 0.776558
depth/686.png rgb/686.png 0.255974 -0.118701 -1.54138 0.0181567 -0.626132 0.00748454 0.77947
depth/687.png rgb/687.png 0.247641 -0.120357 -1.54698 0.0202555 -0.621825 0.00956661 0.782836
depth/688.png rgb/688.png 0.239785 -0.121773 -1.55369 0.0224704 -0.617236 0.0108662 0.786382
depth/689.png rgb/689.png 0.230936 -0.126078 -1.55986 0.0241544 -0.612606 0.0121372 0.789926
depth/690.png rgb/690.png 0.222253 -0.129734 -1.56625 0.026184 -0.607875 0.0144838 0.793469
depth/691.png rgb/691.png 0.214421 -0.1302 -1.57347 0.0280668 -0.603242 0.0176869 0.796868
depth/692.png rgb/692.png 0.206984 -0.129465 -1.5816 0.0289994 -0.598407 0.0200609 0.800416
depth/693.png rgb/693.png 0.199959 -0.128661 -1.58891 0.0288843 -0.593385 0.0212443 0.804119
depth/694.png rgb/694.png 0.192268 -0.130977 -1.59634 0.0273121 -0.587726 0.0218036 0.808305
depth/695.png rgb/695.png 0.184245 -0.134263 -1.60338 0.0256484 -0.581653 0.0226301 0.812717
depth/696.png rgb/696.png 0.175335 -0.138659 -1.60987 0.0242198 -0.575874 0.0240378 0.816826
depth/697.png rgb/697.png 0.167044 -0.142645 -1.61601 0.023867 -0.570824 0.0261592 0.820308
depth/698.png rgb/698.png 0.158409 -0.14574 -1.62279 0.0244207 -0.566003 0.0286008 0.823545
depth/699.png rgb/699.png 0.150267 -0.148026 -1.62893 0.0251962 -0.560973 0.0311947 0.826862
depth/700.png rgb/700.png 0.142313 -0.149222 -1.63516 0.0260307 -0.555635 0.0335157 0.830342
depth/701.png rgb/701.png 0.135176 -0.150269 -1.63993 0.025981 -0.550439 0.0353488 0.833722
depth/702.png rgb/702.png 0.12637 -0.156456 -1.64433 0.0255352 -0.545688 0.0370506 0.83678
depth/703.png rgb/703.png 0.117989 -0.160672 -1.64866 0.027175 -0.541578 0.0398431 0.839266
depth/704.png rgb/704.png 0.110761 -0.160619 -1.65275 0.0292278 -0.537531 0.0424695 0.841666
depth/705.png rgb/705.png 0.102988 -0.164116 -1.6567 0.0301056 -0.533029 0.0438498 0.844423
depth/706.png rgb/706.png 0.0947514 -0.168443 -1.65974 0.0316948 -0.528335 0.0445702 0.847272
depth/707.png rgb/707.png 0.0884976 -0.16576 -1.66288 0.0339669 -0.523302 0.0448629 0.850288
depth/708.png rgb/708.png 0.0817151 -0.166928 -1.66636 0.0325907 -0.518174 0.0441257 0.853514
depth/709.png rgb/709.png 0.0732031 -0.174825 -1.66826 0.0314823 -0.514776 0.0438534 0.855623
depth/710.png rgb/710.png 0.0653172 -0.177272 -1.67073 0.0336243 -0.511929 0.0446377 0.857208
depth/711.png rgb/711.png 0.0603433 -0.173881 -1.67158 0.0347348 -0.509346 0.043786 0.858745
depth/712.png rgb/712.png 0.0520163 -0.181329 -1.6722 0.0330607 -0.506255 0.0411326 0.860768
depth/713.png rgb/713.png 0.0432534 -0.188156 -1.67262 0.0345961 -0.503525 0.0407041 0.862327
depth/714.png rgb/714.png 0.0365233 -0.189926 -1.67055 0.0377672 -0.5018 0.0419984 0.863138
depth/715.png rgb/715.png 0.0300889 -0.191535 -1.66782 0.0398009 -0.50044 0.0428562 0.863794
depth/716.png rgb/716.png 0.0227332 -0.196214 -1.66498 0.0414143 -0.498517 0.0432534 0.864809
depth/717.png rgb/717.png 0.0150027 -0.199433 -1.66297 0.0442464 -0.496029 0.0443149 0.866045
depth/718.png rgb/718.png 0.00755835 -0.201793 -1.65924 0.0472137 -0.493894 0.045254 0.867059
depth/719.png rgb/719.png 0.000684738 -0.202672 -1.6546 0.0494362 -0.491697 0.0456113 0.868165
depth/720.png rgb/720.png -0.00713301 -0.205092 -1.65031 0.0511982 -0.489353 0.0455267 0.86939
depth/721.png rgb/721.png -0.014771 -0.206352 -1.64487 0.0526379 -0.487231 0.0456108 0.870491
depth/722.png rgb/722.png -0.0230184 -0.208722 -1.63962 0.0532226 -0.484943 0.0455216 0.871737
depth/723.png rgb/723.png -0.0316143 -0.211392 -1.63392 0.0543191 -0.482752 0.0463478 0.872841
depth/724.png rgb/724.png -0.0396981 -0.212752 -1.62791 0.0571951 -0.481269 0.0480706 0.873383
depth/725.png rgb/725.png -0.0488605 -0.214872 -1.62198 0.060159 -0.479931 0.049701 0.873829
depth/726.png rgb/726.png -0.0576315 -0.217262 -1.61538 0.0626962 -0.478592 0.0513143 0.874291
depth/727.png rgb/727.png -0.0663714 -0.219903 -1.60835 0.0641944 -0.476851 0.0524604 0.875066
depth/728.png rgb/728.png -0.0750132 -0.221113 -1.60157 0.0646357 -0.474101 0.0531293 0.876486
depth/729.png rgb/729.png -0.0842848 -0.223723 -1.5952 0.0645865 -0.47061 0.0535068 0.878346
depth/730.png rgb/730.png -0.0943198 -0.227962 -1.58864 0.0653213 -0.466342 0.0540117 0.880534
depth/731.png rgb/731.png -0.103935 -0.231243 -1.58056 0.0674601 -0.462043 0.0543211 0.882618
depth/732.png rgb/732.png -0.113074 -0.234914 -1.57153 0.0694347 -0.458111 0.0538056 0.884544
depth/733.png rgb/733.png -0.121942 -0.238415 -1.56301 0.0719888 -0.454131 0.0529746 0.88644
depth/734.png rgb/734.png -0.130558 -0.242726 -1.5541 0.0744383 -0.449838 0.0521782 0.888472
depth/735.png rgb/735.png -0.138833 -0.246027 -1.54558 0.0770499 -0.445209 0.0517696 0.890602
depth/736.png rgb/736.png -0.147318 -0.249608 -1.53697 0.0810698 -0.440875 0.0527807 0.89234
depth/737.png rgb/737.png -0.155097 -0.252599 -1.52819 0.0858569 -0.437266 0.0551805 0.893523
depth/738.png rgb/738.png -0.162148 -0.25526 -1.51965 0.0900771 -0.434474 0.0578617 0.894299
depth/739.png rgb/739.png -0.169306 -0.259612 -1.51108 0.0955173 -0.432516 0.060788 0.894489
depth/740.png rgb/740.png -0.1755 -0.263253 -1.50208 0.101651 -0.430796 0.0634267 0.89446
depth/741.png rgb/741.png -0.180336 -0.264325 -1.49386 0.106305 -0.429011 0.0645899 0.894694
depth/742.png rgb/742.png -0.185283 -0.266306 -1.48685 0.109372 -0.427238 0.0641783 0.895202
depth/743.png rgb/743.png -0.190464 -0.269007 -1.48041 0.112503 -0.425703 0.0632335 0.895612
depth/744.png rgb/744.png -0.195255 -0.270878 -1.4741 0.11597 -0.424316 0.0626561 0.895869
depth/745.png rgb/745.png -0.20049 -0.273979 -1.46834 0.120546 -0.42303 0.0628257 0.895861
depth/746.png rgb/746.png -0.205503 -0.27752 -1.46242 0.12627 -0.421752 0.0636252 0.895619
depth/747.png rgb/747.png -0.209752 -0.280431 -1.45672 0.131688 -0.420303 0.0642971 0.895472
depth/748.png rgb/748.png -0.213825 -0.283231 -1.45148 0.137173 -0.418753 0.065046 0.89532
depth/749.png rgb/749.png -0.217605 -0.285382 -1.44679 0.142539 -0.417376 0.0658018 0.89507
depth/750.png rgb/750.png -0.221163 -0.288063 -1.44245 0.147127 -0.41611 0.0665886 0.894859
depth/751.png rgb/751.png -0.224876 -0.290003 -1.43876 0.151866 -0.414964 0.0677117 0.894515
depth/752.png rgb/752.png -0.228469 -0.292094 -1.43519 0.156257 -0.413928 0.0695169 0.8941
depth/753.png rgb/753.png -0.232517 -0.293524 -1.43188 0.160671 -0.413194 0.0717579 0.89348
depth/754.png rgb/754.png -0.236773 -0.296274 -1.42826 0.164728 -0.41293 0.0739769 0.892682
depth/755.png rgb/755.png -0.241597 -0.299354 -1.42524 0.168467 -0.412609 0.0753922 0.892014
depth/756.png rgb/756.png -0.24647 -0.301109 -1.4217 0.172399 -0.412352 0.0769612 0.891247
depth/757.png rgb/757.png -0.251984 -0.30413 -1.41816 0.177225 -0.412138 0.0795644 0.890171
depth/758.png rgb/758.png -0.258349 -0.308969 -1.41511 0.183026 -0.412089 0.0818882 0.888807
depth/759.png rgb/759.png -0.264708 -0.312431 -1.41235 0.188568 -0.412062 0.0839553 0.887467
depth/760.png rgb/760.png -0.271486 -0.31607 -1.4101 0.193391 -0.412152 0.0853022 0.886258
depth/761.png rgb/761.png -0.278784 -0.32007 -1.40788 0.19774 -0.412167 0.0863955 0.885185
depth/762.png rgb/762.png -0.286521 -0.32389 -1.4057 0.201766 -0.411922 0.0875775 0.884274
depth/763.png rgb/763.png -0.294238 -0.327897 -1.40349 0.205598 -0.411563 0.0884567 0.883471
depth/764.png rgb/764.png -0.301998 -0.331438 -1.40118 0.209094 -0.410902 0.0895664 0.882846
depth/765.png rgb/765.png -0.310469 -0.335461 -1.39931 0.212484 -0.409892 0.0906022 0.8824
depth/766.png rgb/766.png -0.318774 -0.339088 -1.39725 0.215677 -0.408634 0.0919683 0.882068
depth/767.png rgb/767.png -0.32713 -0.343333 -1.39511 0.218932 -0.407358 0.0932491 0.881722
depth/768.png rgb/768.png -0.335536 -0.347613 -1.39297 0.22246 -0.405984 0.0940388 0.881388
depth/769.png rgb/769.png -0.343994 -0.3514 -1.39127 0.225589 -0.404293 0.0946174 0.881308
depth/770.png rgb/770.png -0.352311 -0.353929 -1.38954 0.228165 -0.402453 0.0954888 0.881393
depth/771.png rgb/771.png -0.36079 -0.356999 -1.38774 0.230768 -0.400572 0.0964905 0.881463
depth/772.png rgb/772.png -0.368835 -0.359414 -1.38568 0.23311 -0.39879 0.0980595 0.881482
depth/773.png rgb/773.png -0.377198 -0.360935 -1.38419 0.235009 -0.397316 0.0998186 0.881446
depth/774.png rgb/774.png -0.385771 -0.362875 -1.38268 0.237593 -0.396301 0.101749 0.880989
depth/775.png rgb/775.png -0.39422 -0.366077 -1.38136 0.240921 -0.395315 0.103875 0.88028
depth/776.png rgb/776.png -0.402516 -0.36941 -1.38021 0.244272 -0.394176 0.10517 0.879713
depth/777.png rgb/777.png -0.41041 -0.37164 -1.37866 0.247021 -0.392797 0.106158 0.879444
depth/778.png rgb/778.png -0.418072 -0.374243 -1.37721 0.249469 -0.390995 0.107194 0.87943
depth/779.png rgb/779.png -0.425833 -0.376628 -1.3763 0.251592 -0.388767 0.108084 0.879704
depth/780.png rgb/780.png -0.433049 -0.377958 -1.37511 0.253049 -0.386405 0.108532 0.880272
depth/781.png rgb/781.png -0.440239 -0.379637 -1.37374 0.254345 -0.383821 0.108818 0.880993
depth/782.png rgb/782.png -0.446898 -0.380872 -1.37242 0.256535 -0.380997 0.109021 0.881559
depth/783.png rgb/783.png -0.453262 -0.381485 -1.37127 0.258318 -0.377894 0.108746 0.882407
depth/784.png rgb/784.png -0.45961 -0.3824 -1.37002 0.259901 -0.374558 0.108001 0.883455
depth/785.png rgb/785.png -0.465404 -0.384352 -1.36889 0.261457 -0.371094 0.107293 0.884544
depth/786.png rgb/786.png -0.470549 -0.385247 -1.36725 0.262984 -0.367371 0.106308 0.885763
depth/787.png rgb/787.png -0.475852 -0.385292 -1.36616 0.263588 -0.363193 0.105288 0.887427
depth/788.png rgb/788.png -0.480943 -0.385475 -1.36472 0.264279 -0.35891 0.104696 0.889033
depth/789.png rgb/789.png -0.485738 -0.385731 -1.36354 0.265233 -0.354673 0.104781 0.890438
depth/790.png rgb/790.png -0.489928 -0.385364 -1.36214 0.266502 -0.350775 0.104771 0.891603
depth/791.png rgb/791.png -0.493753 -0.384582 -1.36092 0.267295 -0.346951 0.104036 0.892947
depth/792.png rgb/792.png -0.497051 -0.383479 -1.35957 0.267286 -0.34336 0.102556 0.894508
depth/793.png rgb/793.png -0.500268 -0.382463 -1.35829 0.266668 -0.340026 0.100527 0.896195
depth/794.png rgb/794.png -0.503361 -0.381376 -1.35665 0.266102 -0.337065 0.0979664 0.897764
depth/795.png rgb/795.png -0.505715 -0.380259 -1.35505 0.264259 -0.334219 0.0953069 0.899656
depth/796.png rgb/796.png -0.50854 -0.378767 -1.35384 0.261794 -0.331038 0.0927263 0.90182
depth/797.png rgb/797.png -0.511137 -0.376969 -1.3525 0.258966 -0.327951 0.0906458 0.903973
depth/798.png rgb/798.png -0.513437 -0.374994 -1.35102 0.25615 -0.325347 0.0887379 0.905904
depth/799.png rgb/799.png -0.515398 -0.373302 -1.34904 0.253625 -0.323379 0.0864688 0.907537
depth/800.png rgb/800.png -0.517435 -0.371228 -1.34723 0.252168 -0.321498 0.0847094 0.908777
depth/801.png rgb/801.png -0.518257 -0.370908 -1.34467 0.251728 -0.319907 0.0825437 0.909659
depth/802.png rgb/802.png -0.519318 -0.370148 -1.34264 0.251516 -0.317715 0.0800492 0.910708
depth/803.png rgb/803.png -0.520303 -0.368462 -1.34046 0.250889 -0.315095 0.0775783 0.912004
depth/804.png rgb/804.png -0.521528 -0.366899 -1.33875 0.249435 -0.31218 0.0750726 0.913614
depth/805.png rgb/805.png -0.522098 -0.363833 -1.33677 0.24771 -0.309457 0.0725201 0.915214
depth/806.png rgb/806.png -0.523213 -0.36143 -1.33451 0.245857 -0.306757 0.070483 0.916781
depth/807.png rgb/807.png -0.523431 -0.357736 -1.33211 0.243863 -0.304587 0.0687078 0.91817
depth/808.png rgb/808.png -0.524154 -0.355379 -1.32999 0.241259 -0.302513 0.0668571 0.919679
depth/809.png rgb/809.png -0.525186 -0.35158 -1.32794 0.238804 -0.300825 0.065858 0.920945
depth/810.png rgb/810.png -0.52591 -0.348068 -1.32572 0.236708 -0.299945 0.0648013 0.921848
depth/811.png rgb/811.png -0.526081 -0.345532 -1.3227 0.234765 -0.299509 0.0635961 0.92257
depth/812.png rgb/812.png -0.526639 -0.342696 -1.31987 0.232732 -0.298792 0.0623628 0.923401
depth/813.png rgb/813.png -0.527394 -0.339719 -1.31714 0.230106 -0.297729 0.0615159 0.924459
depth/814.png rgb/814.png -0.52758 -0.335448 -1.31382 0.227014 -0.296866 0.0606087 0.92556
depth/815.png rgb/815.png -0.528308 -0.332047 -1.31095 0.223463 -0.29598 0.0600764 0.926742
depth/816.png rgb/816.png -0.528872 -0.328431 -1.30728 0.220462 -0.295633 0.0598417 0.927586
depth/817.png rgb/817.png -0.529039 -0.326502 -1.30302 0.217884 -0.295676 0.0592189 0.928222
depth/818.png rgb/818.png -0.529606 -0.324102 -1.29875 0.215594 -0.295488 0.0584753 0.928863
depth/819.png rgb/819.png -0.529018 -0.32214 -1.2932 0.213652 -0.295558 0.056878 0.929388
depth/820.png rgb/820.png -0.529238 -0.319573 -1.28829 0.212013 -0.294775 0.0540268 0.930182
depth/821.png rgb/821.png -0.52978 -0.317581 -1.28328 0.208978 -0.292966 0.051959 0.931557
depth/822.png rgb/822.png -0.530129 -0.316704 -1.27745 0.206102 -0.291145 0.0503406 0.932857
depth/823.png rgb/823.png -0.53045 -0.314335 -1.27149 0.204657 -0.28935 0.0480809 0.933852
depth/824.png rgb/824.png -0.530924 -0.313062 -1.2654 0.203349 -0.287425 0.0461387 0.93483
depth/825.png rgb/825.png -0.531502 -0.30991 -1.25957 0.202243 -0.285689 0.0436216 0.935723
depth/826.png rgb/826.png -0.531765 -0.306154 -1.254 0.199273 -0.283744 0.0405476 0.937089
depth/827.png rgb/827.png -0.53247 -0.30298 -1.24785 0.195052 -0.281301 0.0377665 0.938828
depth/828.png rgb/828.png -0.533048 -0.299608 -1.24201 0.190232 -0.278781 0.0352806 0.940664
depth/829.png rgb/829.png -0.532885 -0.294679 -1.23527 0.185333 -0.276613 0.0326727 0.942374
depth/830.png rgb/830.png -0.533545 -0.290642 -1.22888 0.180301 -0.274618 0.0305527 0.944004
depth/831.png rgb/831.png -0.534472 -0.287313 -1.22211 0.17631 -0.273258 0.0290099 0.9452
depth/832.png rgb/832.png -0.535224 -0.282245 -1.21562 0.173272 -0.272505 0.0273876 0.946027
depth/833.png rgb/833.png -0.536539 -0.279627 -1.20949 0.169209 -0.271581 0.0255133 0.94708
depth/834.png rgb/834.png -0.537303 -0.276079 -1.20288 0.165026 -0.270302 0.0234565 0.948237
depth/835.png rgb/835.png -0.538452 -0.273541 -1.19655 0.16109 -0.268819 0.0209936 0.949392
depth/836.png rgb/836.png -0.538813 -0.268733 -1.19057 0.156942 -0.266867 0.0178156 0.950702
depth/837.png rgb/837.png -0.539283 -0.266305 -1.18418 0.152259 -0.263862 0.0145369 0.952356
depth/838.png rgb/838.png -0.541495 -0.263846 -1.17964 0.14844 -0.260179 0.0117355 0.95401
depth/839.png rgb/839.png -0.542914 -0.261847 -1.1743 0.145268 -0.257139 0.010228 0.955339
depth/840.png rgb/840.png -0.544346 -0.259729 -1.16928 0.142859 -0.254852 0.00921745 0.956325
depth/841.png rgb/841.png -0.545372 -0.25637 -1.16408 0.140005 -0.253227 0.00800019 0.957189
depth/842.png rgb/842.png -0.546119 -0.251492 -1.15927 0.136853 -0.251517 0.0062419 0.958108
depth/843.png rgb/843.png -0.546233 -0.248343 -1.15414 0.132977 -0.249341 0.00405123 0.959234
depth/844.png rgb/844.png -0.547434 -0.246114 -1.14967 0.129144 -0.246505 0.00212087 0.960496
depth/845.png rgb/845.png -0.548346 -0.241395 -1.14614 0.126262 -0.24381 0.00104126 0.961568
depth/846.png rgb/846.png -0.549237 -0.238007 -1.14213 0.123093 -0.241401 0.000693977 0.962587
depth/847.png rgb/847.png -0.550077 -0.232648 -1.13864 0.120574 -0.239206 0.000537445 0.963453
depth/848.png rgb/848.png -0.550909 -0.229009 -1.13506 0.117808 -0.237421 0.000817271 0.964236
depth/849.png rgb/849.png -0.551908 -0.22616 -1.1312 0.11558 -0.236221 0.000887573 0.9648
depth/850.png rgb/850.png -0.551625 -0.221001 -1.12735 0.113412 -0.235301 0.000794992 0.965283
depth/851.png rgb/851.png -0.552574 -0.217212 -1.12443 0.110275 -0.23353 -4.95239e-05 0.966076
depth/852.png rgb/852.png -0.552953 -0.214693 -1.12099 0.107274 -0.231515 -0.00105877 0.966898
depth/853.png rgb/853.png -0.552723 -0.211434 -1.11756 0.105364 -0.22907 -0.00236594 0.967688
depth/854.png rgb/854.png -0.553239 -0.208645 -1.11478 0.103651 -0.226103 -0.00355728 0.968567
depth/855.png rgb/855.png -0.554336 -0.207666 -1.11198 0.10283 -0.223968 -0.00400891 0.969148
depth/856.png rgb/856.png -0.555494 -0.205486 -1.10964 0.102879 -0.222898 -0.00423621 0.969389
depth/857.png rgb/857.png -0.555202 -0.199497 -1.1077 0.102357 -0.222281 -0.00453727 0.969584
depth/858.png rgb/858.png -0.55587 -0.194707 -1.10626 0.100435 -0.221047 -0.00484109 0.970066
depth/859.png rgb/859.png -0.556189 -0.191448 -1.10382 0.0982492 -0.220374 -0.00521429 0.970441
depth/860.png rgb/860.png -0.556337 -0.187519 -1.10191 0.0962963 -0.219851 -0.00520123 0.970755
depth/861.png rgb/861.png -0.556429 -0.181379 -1.10076 0.0941656 -0.219016 -0.00553606 0.971151
depth/862.png rgb/862.png -0.556294 -0.17814 -1.09903 0.0912854 -0.217937 -0.0059071 0.971666
depth/863.png rgb/863.png -0.557258 -0.17713 -1.09736 0.0888922 -0.216326 -0.00593068 0.972248
depth/864.png rgb/864.png -0.5585 -0.17572 -1.09628 0.0873158 -0.215089 -0.00515337 0.97267
depth/865.png rgb/865.png -0.558322 -0.17307 -1.09466 0.0862065 -0.215127 -0.00455822 0.972763
depth/866.png rgb/866.png -0.558936 -0.169311 -1.09393 0.0848951 -0.215012 -0.00498108 0.972902
depth/867.png rgb/867.png -0.558347 -0.166051 -1.09288 0.0830355 -0.214546 -0.00535495 0.973163
depth/868.png rgb/868.png -0.559335 -0.163501 -1.09242 0.0809124 -0.213258 -0.00566638 0.973623
depth/869.png rgb/869.png -0.56031 -0.161691 -1.09171 0.0790913 -0.212304 -0.00570012 0.973981
depth/870.png rgb/870.png -0.561442 -0.158571 -1.09111 0.0774793 -0.211783 -0.00605543 0.974222
depth/871.png rgb/871.png -0.56187 -0.156621 -1.08973 0.075558 -0.211482 -0.00629974 0.974437
depth/872.png rgb/872.png -0.562573 -0.155341 -1.08857 0.073653 -0.21124 -0.00675808 0.974632
depth/873.png rgb/873.png -0.564064 -0.155562 -1.08709 0.0721332 -0.211078 -0.00733442 0.974776
depth/874.png rgb/874.png -0.564821 -0.154672 -1.08576 0.0714144 -0.211365 -0.00781434 0.974763
depth/875.png rgb/875.png -0.56568 -0.154442 -1.08436 0.0707681 -0.21153 -0.00789464 0.974774
depth/876.png rgb/876.png -0.566733 -0.154612 -1.08322 0.0706609 -0.211518 -0.00768167 0.974786
depth/877.png rgb/877.png -0.567566 -0.153593 -1.08212 0.0706998 -0.211348 -0.00759699 0.974821
depth/878.png rgb/878.png -0.568214 -0.154533 -1.08078 0.0705061 -0.211256 -0.00727661 0.974857
depth/879.png rgb/879.png -0.56923 -0.154353 -1.07948 0.0712444 -0.211281 -0.00682849 0.974802
